***************    Tue Dec 22 16:50:03 2020     *************** 

  parameters for computational domain and elasticity
     L1    L2      a1         a2        a3         a4    
    7.000 7.000 11.562724 -17.437087 10.062913 -9.375448

  parameters for the twin structure
    theta_t theta_r   phi    alpha 
    0.50000 0.50000 0.78540 1.57080
          G_tl               G_tr               G_rt               G_rb      
    [[1.000, 0.000],   [[1.000, -0.000],   [[1.000, -0.100],   [[1.000, 0.100],
     [-0.100, 1.000]]    [0.100, 1.000]]    [0.000, 1.000]]    [0.000, 1.000]]

  starting parameters for shape optimization
        Delta_t         Delta_r           Lt              Lr              pt              pr              c1              c2              c3              c4              tlb             tbl      
    2.664148023e-02 2.718169580e-02 6.992486160e+00 6.994278267e+00 2.464318304e-01 -2.156438821e-01 8.019977158e-04 -4.409814224e-02 9.000486501e-04 1.831112632e-02 -4.287372190e-02 1.895393264e-02 

  results of shape optimization and details
             E_end          Delta_t         Delta_r           Lt              Lr              pt              pr              c1              c2              c3              c4              tlb             tbl          time       res       verts    it 
      0 2.927077786e-02 2.664148023e-02 2.718169580e-02 6.992486160e+00 6.992486160e+00 2.464318304e-01 -2.156438821e-01 8.019977158e-04 -4.409814224e-02 9.000486501e-04 1.831112632e-02 -4.287372190e-02 1.895393264e-02
      1 8.701418330e-01 2.479671456e-02 -1.066589107e-02 6.984632473e+00 6.985260780e+00 -6.949397972e-01 -1.923397559e-01 4.876359866e-02 1.389276548e-01 -1.544271491e-01 9.051935435e-02 -1.192146742e-01 -1.829355962e-01
      2 2.840319775e-02 2.660152076e-02 2.636187927e-02 6.992316041e+00 6.992329651e+00 2.260407809e-01 -2.151390915e-01 1.840893886e-03 -4.013362071e-02 -2.464493559e-03 1.987522864e-02 -4.452734316e-02 1.458080384e-02
   0    2.927077786e-02 2.660152076e-02 2.636187927e-02 6.992316041e+00 6.992329651e+00 2.260407809e-01 -2.151390915e-01 1.840893886e-03 -4.013362071e-02 -2.464493559e-03 1.987522864e-02 -4.452734316e-02 1.458080384e-02        92         32      18302   3
      0 2.840300920e-02 2.660152076e-02 2.636187927e-02 6.992316041e+00 6.992316041e+00 2.260407809e-01 -2.151390915e-01 1.840893886e-03 -4.013362071e-02 -2.464493559e-03 1.987522864e-02 -4.452734316e-02 1.458080384e-02
      1 5.529813063e-01 9.531430927e-03 2.242466183e-03 6.969450973e+00 6.971142949e+00 -5.583599060e-01 -6.369936733e-02 1.062268366e-01 -7.959861613e-02 -5.089009152e-01 2.298264074e-01 -2.610850876e-01 1.994856883e-02
      2 2.824321820e-02 2.638976004e-02 2.606266911e-02 6.992032392e+00 6.992053381e+00 2.163100029e-01 -2.132604262e-01 3.135839769e-03 -4.062319844e-02 -8.747023009e-03 2.247974998e-02 -4.721382136e-02 1.464739293e-02
   1    2.840300920e-02 2.638976004e-02 2.606266911e-02 6.992032392e+00 6.992053381e+00 2.163100029e-01 -2.132604262e-01 3.135839769e-03 -4.062319844e-02 -8.747023009e-03 2.247974998e-02 -4.721382136e-02 1.464739293e-02       105         32      18302   3
      0 2.824229988e-02 2.638976004e-02 2.606266911e-02 6.992032392e+00 6.992032392e+00 2.163100029e-01 -2.132604262e-01 3.135839769e-03 -4.062319844e-02 -8.747023009e-03 2.247974998e-02 -4.721382136e-02 1.464739293e-02
      1 1.932027510e-01 -1.451361307e-03 4.121376925e-02 6.961944304e+00 6.960979479e+00 3.981496402e-01 -4.364735898e-02 1.128984114e-01 -4.285689691e-01 -7.049475991e-01 3.028915297e-01 -3.323981859e-01 3.725379072e-01
      2 2.794317911e-02 2.528890552e-02 2.666175264e-02 6.990842691e+00 6.990804541e+00 2.235000504e-01 -2.065538245e-01 7.475917232e-03 -5.596280530e-02 -3.627520849e-02 3.356739878e-02 -5.849018101e-02 2.879859705e-02
   2    2.824229988e-02 2.528890552e-02 2.666175264e-02 6.990842691e+00 6.990804541e+00 2.235000504e-01 -2.065538245e-01 7.475917232e-03 -5.596280530e-02 -3.627520849e-02 3.356739878e-02 -5.849018101e-02 2.879859705e-02       106         32      18302   3
      0 2.793903020e-02 2.528890552e-02 2.666175264e-02 6.990842691e+00 6.990842691e+00 2.235000504e-01 -2.065538245e-01 7.475917232e-03 -5.596280530e-02 -3.627520849e-02 3.356739878e-02 -5.849018101e-02 2.879859705e-02
      1 8.069961039e-01 1.337018046e-02 -1.354125877e-02 6.975726007e+00 6.976914407e+00 -6.861545616e-01 -1.797556516e-01 7.391740782e-02 7.928168513e-02 -3.533833488e-01 1.316943139e-01 -1.624717209e-01 -1.322148393e-01
      2 2.771699478e-02 2.515099620e-02 2.619657118e-02 6.990667779e+00 6.990681529e+00 2.129746085e-01 -2.062437479e-01 8.244699187e-03 -5.439791681e-02 -3.994440696e-02 3.470280680e-02 -5.969333179e-02 2.693554095e-02
   3    2.793903020e-02 2.515099620e-02 2.619657118e-02 6.990667779e+00 6.990681529e+00 2.129746085e-01 -2.062437479e-01 8.244699187e-03 -5.439791681e-02 -3.994440696e-02 3.470280680e-02 -5.969333179e-02 2.693554095e-02       105         32      18302   3
      0 2.771683581e-02 2.515099620e-02 2.619657118e-02 6.990667779e+00 6.990667779e+00 2.129746085e-01 -2.062437479e-01 8.244699187e-03 -5.439791681e-02 -3.994440696e-02 3.470280680e-02 -5.969333179e-02 2.693554095e-02
      1 1.546374974e-01 -1.412553310e-02 1.660641288e-04 6.954677212e+00 6.954146618e+00 -2.197656330e-01 -6.846517390e-02 1.340422482e-01 -2.228630245e-01 -8.325104604e-01 2.538369156e-01 -2.880631716e-01 1.548597084e-01
      2 2.744201668e-02 2.351396277e-02 2.511162780e-02 6.989167703e+00 6.989145588e+00 1.949381309e-01 -2.005011801e-01 1.348790159e-02 -6.141948968e-02 -7.297831158e-02 4.383624776e-02 -6.921171512e-02 3.226738014e-02
   4    2.771683581e-02 2.351396277e-02 2.511162780e-02 6.989167703e+00 6.989145588e+00 1.949381309e-01 -2.005011801e-01 1.348790159e-02 -6.141948968e-02 -7.297831158e-02 4.383624776e-02 -6.921171512e-02 3.226738014e-02       105         32      18302   3
      0 2.743747650e-02 2.351396277e-02 2.511162780e-02 6.989167703e+00 6.989167703e+00 1.949381309e-01 -2.005011801e-01 1.348790159e-02 -6.141948968e-02 -7.297831158e-02 4.383624776e-02 -6.921171512e-02 3.226738014e-02
      1 7.737158150e-01 3.109511485e-03 4.762159401e-02 6.974054084e+00 6.969626060e+00 1.020198459e+00 -1.896602783e-01 4.306503868e-02 -3.779674460e-01 -4.016947461e-01 1.119731619e-01 -1.381324558e-01 3.465441870e-01
      2 2.724939735e-02 2.328443386e-02 2.536484158e-02 6.988997690e+00 6.988947880e+00 2.042214537e-01 -2.003792312e-01 1.382061371e-02 -6.498032589e-02 -7.667603055e-02 4.460271737e-02 -6.998700197e-02 3.580266827e-02
   5    2.743747650e-02 2.328443386e-02 2.536484158e-02 6.988997690e+00 6.988947880e+00 2.042214537e-01 -2.003792312e-01 1.382061371e-02 -6.498032589e-02 -7.667603055e-02 4.460271737e-02 -6.998700197e-02 3.580266827e-02       106         32      18302   3
      0 2.724935902e-02 2.328443386e-02 2.536484158e-02 6.988997690e+00 6.988997690e+00 2.042214537e-01 -2.003792312e-01 1.382061371e-02 -6.498032589e-02 -7.667603055e-02 4.460271737e-02 -6.998700197e-02 3.580266827e-02
      1 9.413712704e-02 -2.693659744e-02 4.949365840e-03 6.945823877e+00 6.941763521e+00 3.042577924e-01 -1.333920090e-01 1.481945364e-01 -3.228820775e-01 -9.654782063e-01 2.050455544e-01 -2.407777664e-01 2.572097434e-01
      2 2.691899476e-02 2.027386461e-02 2.414100762e-02 6.986409576e+00 6.986166173e+00 2.102182705e-01 -1.963635894e-01 2.187584454e-02 -8.044060345e-02 -1.299565075e-01 5.422068537e-02 -8.022529081e-02 4.907522193e-02
   6    2.724935902e-02 2.027386461e-02 2.414100762e-02 6.986409576e+00 6.986166173e+00 2.102182705e-01 -1.963635894e-01 2.187584454e-02 -8.044060345e-02 -1.299565075e-01 5.422068537e-02 -8.022529081e-02 4.907522193e-02       105         32      18302   3
      0 2.691679031e-02 2.027386461e-02 2.414100762e-02 6.986409576e+00 6.986409576e+00 2.102182705e-01 -1.963635894e-01 2.187584454e-02 -8.044060345e-02 -1.299565075e-01 5.422068537e-02 -8.022529081e-02 4.907522193e-02
      1 8.582944074e-01 5.832020710e-03 -2.102678609e-02 6.971494815e+00 6.970759108e+00 -6.927769259e-01 -1.160479820e-01 9.942525626e-02 1.392468060e-01 -3.779555093e-01 3.957128982e-02 -7.437488697e-02 -1.946545234e-01
      2 2.672795302e-02 2.012379061e-02 2.367164155e-02 6.986254588e+00 6.986246943e+00 2.008346971e-01 -1.955289810e-01 2.268170773e-02 -7.815769770e-02 -1.325336163e-01 5.406845457e-02 -8.016449570e-02 4.654247762e-02
   7    2.691679031e-02 2.012379061e-02 2.367164155e-02 6.986254588e+00 6.986246943e+00 2.008346971e-01 -1.955289810e-01 2.268170773e-02 -7.815769770e-02 -1.325336163e-01 5.406845457e-02 -8.016449570e-02 4.654247762e-02       105         32      18302   3
      0 2.672758632e-02 2.012379061e-02 2.367164155e-02 6.986254588e+00 6.986254588e+00 2.008346971e-01 -1.955289810e-01 2.268170773e-02 -7.815769770e-02 -1.325336163e-01 5.406845457e-02 -8.016449570e-02 4.654247762e-02
      1 4.006246465e-01 -2.371460118e-02 -2.843543148e-02 6.940872595e+00 6.935236685e+00 -3.785363790e-01 -1.170326246e-01 2.102610475e-01 -1.779923441e-02 -9.060185020e-01 6.528155780e-02 -1.091483910e-01 -5.735340111e-02
      2 2.667410225e-02 1.970708123e-02 2.317633356e-02 6.985823206e+00 6.985769633e+00 1.953274385e-01 -1.947828275e-01 2.446475831e-02 -7.758395545e-02 -1.398860394e-01 5.417504163e-02 -8.044000446e-02 4.555488694e-02
   8    2.672758632e-02 1.970708123e-02 2.317633356e-02 6.985823206e+00 6.985769633e+00 1.953274385e-01 -1.947828275e-01 2.446475831e-02 -7.758395545e-02 -1.398860394e-01 5.417504163e-02 -8.044000446e-02 4.555488694e-02       105         32      18302   3
      0 2.667383022e-02 1.970708123e-02 2.317633356e-02 6.985823206e+00 6.985823206e+00 1.953274385e-01 -1.947828275e-01 2.446475831e-02 -7.758395545e-02 -1.398860394e-01 5.417504163e-02 -8.044000446e-02 4.555488694e-02
      1 5.087296925e-01 -1.673101318e-02 1.952399928e-02 6.944616210e+00 6.936043291e+00 7.963389291e-01 -2.483235247e-01 1.744568600e-01 -3.311468105e-01 -8.366505013e-01 9.853676737e-02 -1.361377453e-01 2.758998081e-01
      2 2.662850166e-02 1.944397168e-02 2.314996104e-02 6.985525661e+00 6.985463759e+00 1.996671788e-01 -1.951694303e-01 2.554781041e-02 -7.941486374e-02 -1.449171857e-01 5.449536557e-02 -8.084218267e-02 4.721814486e-02
   9    2.667383022e-02 1.944397168e-02 2.314996104e-02 6.985525661e+00 6.985463759e+00 1.996671788e-01 -1.951694303e-01 2.554781041e-02 -7.941486374e-02 -1.449171857e-01 5.449536557e-02 -8.084218267e-02 4.721814486e-02       105         32      18302   3
      0 2.662866443e-02 1.944397168e-02 2.314996104e-02 6.985525661e+00 6.985525661e+00 1.996671788e-01 -1.951694303e-01 2.554781041e-02 -7.941486374e-02 -1.449171857e-01 5.449536557e-02 -8.084218267e-02 4.721814486e-02
      1 3.072044588e-01 -2.343191186e-02 -2.641132310e-02 6.935189915e+00 6.927667248e+00 -2.999857013e-01 -1.461118342e-01 2.462361460e-01 -3.695824820e-02 -9.686307547e-01 6.416815285e-02 -1.103673474e-01 -4.103806440e-02
      2 2.656879270e-02 1.883289359e-02 2.244360091e-02 6.984808263e+00 6.984701048e+00 1.925459978e-01 -1.944702489e-01 2.869311717e-02 -7.880976117e-02 -1.566569628e-01 5.463322461e-02 -8.126298289e-02 4.596029473e-02
  10    2.662866443e-02 1.883289359e-02 2.244360091e-02 6.984808263e+00 6.984701048e+00 1.925459978e-01 -1.944702489e-01 2.869311717e-02 -7.880976117e-02 -1.566569628e-01 5.463322461e-02 -8.126298289e-02 4.596029473e-02       105         32      18302   3
      0 2.656860665e-02 1.883289359e-02 2.244360091e-02 6.984808263e+00 6.984808263e+00 1.925459978e-01 -1.944702489e-01 2.869311717e-02 -7.880976117e-02 -1.566569628e-01 5.463322461e-02 -8.126298289e-02 4.596029473e-02
      1 6.987409118e-01 -4.404251944e-03 3.491130087e-02 6.954783178e+00 6.946509228e+00 9.719377760e-01 -2.501443637e-01 1.440481451e-01 -3.472681844e-01 -6.395561012e-01 8.179910389e-02 -1.164067478e-01 3.025606924e-01
      2 2.651540876e-02 1.868506701e-02 2.252291605e-02 6.984617254e+00 6.984564618e+00 1.975042154e-01 -1.948244281e-01 2.942696546e-02 -8.051759966e-02 -1.597289980e-01 5.480604442e-02 -8.148655521e-02 4.759269661e-02
  11    2.656860665e-02 1.868506701e-02 2.252291605e-02 6.984617254e+00 6.984564618e+00 1.975042154e-01 -1.948244281e-01 2.942696546e-02 -8.051759966e-02 -1.597289980e-01 5.480604442e-02 -8.148655521e-02 4.759269661e-02       105         32      18302   3
      0 2.651553671e-02 1.868506701e-02 2.252291605e-02 6.984617254e+00 6.984617254e+00 1.975042154e-01 -1.948244281e-01 2.942696546e-02 -8.051759966e-02 -1.597289980e-01 5.480604442e-02 -8.148655521e-02 4.759269661e-02
      1 3.956816565e-02 -2.535893512e-02 -1.406611385e-02 6.924031001e+00 6.912278833e+00 9.209134135e-02 -1.993544029e-01 3.074583251e-01 -1.478082320e-01 -1.104736903e+00 6.723663399e-02 -1.172055649e-01 6.723087794e-02
      2 2.592485468e-02 1.100082270e-02 1.613932167e-02 6.974046926e+00 6.971996555e+00 1.791131011e-01 -1.956147612e-01 7.793438505e-02 -9.225762403e-02 -3.246021081e-01 5.697477756e-02 -8.771835940e-02 5.101891984e-02
  12    2.651553671e-02 1.100082270e-02 1.613932167e-02 6.974046926e+00 6.971996555e+00 1.791131011e-01 -1.956147612e-01 7.793438505e-02 -9.225762403e-02 -3.246021081e-01 5.697477756e-02 -8.771835940e-02 5.101891984e-02       105         32      18302   3
      0 2.592601568e-02 1.100082270e-02 1.613932167e-02 6.974046926e+00 6.974046926e+00 1.791131011e-01 -1.956147612e-01 7.793438505e-02 -9.225762403e-02 -3.246021081e-01 5.697477756e-02 -8.771835940e-02 5.101891984e-02
      1 8.244244576e-01 1.584449405e-02 5.831526780e-02 6.962104976e+00 6.952593646e+00 1.109490106e+00 -1.406435849e-01 1.758131651e-01 -3.242230652e-01 -3.762473665e-01 -9.203161555e-03 -3.147555239e-02 2.863345521e-01
      2 2.573379856e-02 1.105426433e-02 1.660466107e-02 6.973915167e+00 6.973810226e+00 1.893782195e-01 -1.950082483e-01 7.901430991e-02 -9.481696578e-02 -3.251719252e-01 5.624461724e-02 -8.709781626e-02 5.361522521e-02
  13    2.592601568e-02 1.105426433e-02 1.660466107e-02 6.973915167e+00 6.973810226e+00 1.893782195e-01 -1.950082483e-01 7.901430991e-02 -9.481696578e-02 -3.251719252e-01 5.624461724e-02 -8.709781626e-02 5.361522521e-02       107         32      18302   3
      0 2.573400815e-02 1.105426433e-02 1.660466107e-02 6.973915167e+00 6.973915167e+00 1.893782195e-01 -1.950082483e-01 7.901430991e-02 -9.481696578e-02 -3.251719252e-01 5.624461724e-02 -8.709781626e-02 5.361522521e-02
      1 5.479314201e-01 5.343973559e-02 7.468755615e-02 6.917878829e+00 6.889621143e+00 9.484491758e-01 -3.023836607e-01 6.050343341e-01 -1.776193733e-01 -5.287302283e-01 -1.532952843e-01 7.243330309e-02 1.038114792e-01
      2 2.571726889e-02 1.123167994e-02 1.684778241e-02 6.973680612e+00 6.973562332e+00 1.925555119e-01 -1.954576965e-01 8.121610600e-02 -9.516355718e-02 -3.260239724e-01 5.536753250e-02 -8.643005652e-02 5.382533493e-02
  14    2.573400815e-02 1.123167994e-02 1.684778241e-02 6.973680612e+00 6.973562332e+00 1.925555119e-01 -1.954576965e-01 8.121610600e-02 -9.516355718e-02 -3.260239724e-01 5.536753250e-02 -8.643005652e-02 5.382533493e-02       106         32      18302   3
      0 2.571719365e-02 1.123167994e-02 1.684778241e-02 6.973680612e+00 6.973680612e+00 1.925555119e-01 -1.954576965e-01 8.121610600e-02 -9.516355718e-02 -3.260239724e-01 5.536753250e-02 -8.643005652e-02 5.382533493e-02
      1 2.427145071e-01 7.047706091e-02 4.283500279e-02 6.899266834e+00 6.865073306e+00 -8.918046882e-02 -3.707520595e-01 8.143220242e-01 1.516571304e-01 -5.886562696e-01 -2.069940542e-01 1.065181854e-01 -2.543553370e-01
      2 2.568880755e-02 1.188772435e-02 1.713554781e-02 6.972856603e+00 6.972477966e+00 1.894357528e-01 -1.973987911e-01 8.933403913e-02 -9.243042710e-02 -3.289321898e-01 5.246231271e-02 -8.429347449e-02 5.041274471e-02
  15    2.571719365e-02 1.188772435e-02 1.713554781e-02 6.972856603e+00 6.972477966e+00 1.894357528e-01 -1.973987911e-01 8.933403913e-02 -9.243042710e-02 -3.289321898e-01 5.246231271e-02 -8.429347449e-02 5.041274471e-02       105         32      18302   3
      0 2.568845046e-02 1.188772435e-02 1.713554781e-02 6.972856603e+00 6.972856603e+00 1.894357528e-01 -1.973987911e-01 8.933403913e-02 -9.243042710e-02 -3.289321898e-01 5.246231271e-02 -8.429347449e-02 5.041274471e-02
      1 7.214315030e-01 3.451665813e-02 6.975199475e-02 6.936262128e+00 6.914533056e+00 1.063836265e+00 -1.997899711e-01 4.422793374e-01 -2.648475064e-01 -4.780457000e-01 -7.929084940e-02 1.406324375e-02 2.047852301e-01
      2 2.566410400e-02 1.198359228e-02 1.735845842e-02 6.972701569e+00 6.972609514e+00 1.931401678e-01 -1.974089214e-01 9.082929885e-02 -9.316087546e-02 -3.295639121e-01 5.190413785e-02 -8.387678432e-02 5.106674678e-02
  16    2.568845046e-02 1.198359228e-02 1.735845842e-02 6.972701569e+00 6.972609514e+00 1.931401678e-01 -1.974089214e-01 9.082929885e-02 -9.316087546e-02 -3.295639121e-01 5.190413785e-02 -8.387678432e-02 5.106674678e-02       106         32      18302   3
      0 2.566415050e-02 1.198359228e-02 1.735845842e-02 6.972701569e+00 6.972701569e+00 1.931401678e-01 -1.974089214e-01 9.082929885e-02 -9.316087546e-02 -3.295639121e-01 5.190413785e-02 -8.387678432e-02 5.106674678e-02
      1 3.103313775e-02 7.142717552e-02 6.145615736e-02 6.890831905e+00 6.848344837e+00 3.167253689e-01 -3.683202435e-01 9.186209786e-01 3.279896654e-02 -6.462338957e-01 -1.954170802e-01 8.651886871e-02 -1.394151258e-01
      2 2.469835273e-02 3.102111929e-02 3.148128025e-02 6.946481818e+00 6.932874821e+00 2.327198243e-01 -2.521453409e-01 3.559396036e-01 -5.282071149e-02 -4.309813072e-01 -2.730347570e-02 -2.930551403e-02 -9.937378430e-03
  17    2.566415050e-02 3.102111929e-02 3.148128025e-02 6.946481818e+00 6.932874821e+00 2.327198243e-01 -2.521453409e-01 3.559396036e-01 -5.282071149e-02 -4.309813072e-01 -2.730347570e-02 -2.930551403e-02 -9.937378430e-03       106         32      18302   3
      0 2.467532288e-02 3.102111929e-02 3.148128025e-02 6.946481818e+00 6.946481818e+00 2.327198243e-01 -2.521453409e-01 3.559396036e-01 -5.282071149e-02 -4.309813072e-01 -2.730347570e-02 -2.930551403e-02 -9.937378430e-03
      1 8.895719672e-01 -4.333469527e-02 6.513716582e-03 6.937598172e+00 6.920350974e+00 9.475810569e-03 6.723011048e-01 5.868366608e-01 -3.432357880e-02 -5.380351802e-01 -1.378632664e-01 6.838825928e-02 -5.192910778e-02
      2 2.457223016e-02 3.047364389e-02 3.129744625e-02 6.946416409e+00 6.946289419e+00 2.310760980e-01 -2.453387221e-01 3.576396785e-01 -5.268451871e-02 -4.317695356e-01 -2.811751783e-02 -2.858620327e-02 -1.024655989e-02
  18    2.467532288e-02 3.047364389e-02 3.129744625e-02 6.946416409e+00 6.946289419e+00 2.310760980e-01 -2.453387221e-01 3.576396785e-01 -5.268451871e-02 -4.317695356e-01 -2.811751783e-02 -2.858620327e-02 -1.024655989e-02       107         32      18302   3
      0 2.456418796e-02 3.047364389e-02 3.129744625e-02 6.946416409e+00 6.946416409e+00 2.310760980e-01 -2.453387221e-01 3.576396785e-01 -5.268451871e-02 -4.317695356e-01 -2.811751783e-02 -2.858620327e-02 -1.024655989e-02
      1 4.381097206e-01 -8.574401887e-02 -2.076603906e-02 6.922592740e+00 6.876893736e+00 6.517771331e-02 4.392871136e-01 9.065039441e-01 -1.215406501e-01 -7.207626318e-01 1.760132949e-01 -2.538204307e-01 5.150375901e-03
      2 2.452811845e-02 2.967476455e-02 3.093956224e-02 6.946252645e+00 6.945938511e+00 2.299357138e-01 -2.406326092e-01 3.614125674e-01 -5.315783524e-02 -4.337560720e-01 -2.671432416e-02 -3.013446165e-02 -1.014072146e-02
  19    2.456418796e-02 2.967476455e-02 3.093956224e-02 6.946252645e+00 6.945938511e+00 2.299357138e-01 -2.406326092e-01 3.614125674e-01 -5.315783524e-02 -4.337560720e-01 -2.671432416e-02 -3.013446165e-02 -1.014072146e-02       106         32      18302   3
      0 2.452483994e-02 2.967476455e-02 3.093956224e-02 6.946252645e+00 6.946252645e+00 2.299357138e-01 -2.406326092e-01 3.614125674e-01 -5.315783524e-02 -4.337560720e-01 -2.671432416e-02 -3.013446165e-02 -1.014072146e-02
      1 4.077517856e-01 -4.298140691e-02 -1.398267027e-02 6.920470435e+00 6.873790938e+00 3.369045219e-01 -6.055098729e-01 8.766972632e-01 -1.894144195e-01 -7.357914795e-01 4.446618627e-01 -5.170556102e-01 7.710968011e-02
      2 2.449066824e-02 2.902598817e-02 3.053843343e-02 6.946022425e+00 6.945605605e+00 2.308908816e-01 -2.438907461e-01 3.660137531e-01 -5.437452546e-02 -4.364530684e-01 -2.250521530e-02 -3.448237777e-02 -9.361627295e-03
  20    2.452483994e-02 2.902598817e-02 3.053843343e-02 6.946022425e+00 6.945605605e+00 2.308908816e-01 -2.438907461e-01 3.660137531e-01 -5.437452546e-02 -4.364530684e-01 -2.250521530e-02 -3.448237777e-02 -9.361627295e-03       106         32      18302   3
      0 2.449379259e-02 2.902598817e-02 3.053843343e-02 6.946022425e+00 6.946022425e+00 2.308908816e-01 -2.438907461e-01 3.660137531e-01 -5.437452546e-02 -4.364530684e-01 -2.250521530e-02 -3.448237777e-02 -9.361627295e-03
      1 7.212632047e-01 -8.033912222e-02 -1.460007703e-02 6.925937525e+00 6.886730093e+00 4.377072308e-02 5.880325897e-01 8.072370149e-01 -6.945031896e-02 -6.784181106e-01 -2.249383645e-02 -5.947060526e-02 -3.928943553e-02
      2 2.446804631e-02 2.856921953e-02 3.034991027e-02 6.945938540e+00 6.945774788e+00 2.301093652e-01 -2.404161782e-01 3.678565433e-01 -5.443749023e-02 -4.374636471e-01 -2.250516777e-02 -3.458674231e-02 -9.486622226e-03
  21    2.449379259e-02 2.856921953e-02 3.034991027e-02 6.945938540e+00 6.945774788e+00 2.301093652e-01 -2.404161782e-01 3.678565433e-01 -5.443749023e-02 -4.374636471e-01 -2.250516777e-02 -3.458674231e-02 -9.486622226e-03       106         32      18302   3
      0 2.446527266e-02 2.856921953e-02 3.034991027e-02 6.945938540e+00 6.945938540e+00 2.301093652e-01 -2.404161782e-01 3.678565433e-01 -5.443749023e-02 -4.374636471e-01 -2.250516777e-02 -3.458674231e-02 -9.486622226e-03
      1 5.829875188e-02 -9.984466703e-02 -3.706631313e-02 6.910473870e+00 6.843882139e+00 2.132387555e-01 -1.095481165e-01 1.072309087e+00 -1.592569609e-01 -8.551608800e-01 3.257390179e-01 -4.162926444e-01 2.509246683e-02
      2 2.427023445e-02 1.944980966e-02 2.556229587e-02 6.943419989e+00 6.938690927e+00 2.289112860e-01 -2.311224833e-01 4.178837767e-01 -6.188132471e-02 -4.671267339e-01 2.225658063e-03 -6.169387739e-02 -7.030961905e-03
  22    2.446527266e-02 1.944980966e-02 2.556229587e-02 6.943419989e+00 6.938690927e+00 2.289112860e-01 -2.311224833e-01 4.178837767e-01 -6.188132471e-02 -4.671267339e-01 2.225658063e-03 -6.169387739e-02 -7.030961905e-03       107         32      18302   3
      0 2.426332162e-02 1.944980966e-02 2.556229587e-02 6.943419989e+00 6.943419989e+00 2.289112860e-01 -2.311224833e-01 4.178837767e-01 -6.188132471e-02 -4.671267339e-01 2.225658063e-03 -6.169387739e-02 -7.030961905e-03
      1 7.320902839e-01 -6.656560690e-02 -6.965130017e-04 6.917408147e+00 6.872330311e+00 3.083086842e-01 3.538608342e-01 6.965616199e-01 3.131273836e-02 -7.177745328e-01 -5.101495153e-01 3.953034465e-01 -1.378987239e-01
      2 2.424691800e-02 1.917500467e-02 2.547840333e-02 6.943336886e+00 6.943192870e+00 2.291649476e-01 -2.292535586e-01 4.187741062e-01 -6.158358513e-02 -4.679275121e-01 5.887043508e-04 -6.023384673e-02 -7.449062702e-03
  23    2.426332162e-02 1.917500467e-02 2.547840333e-02 6.943336886e+00 6.943192870e+00 2.291649476e-01 -2.292535586e-01 4.187741062e-01 -6.158358513e-02 -4.679275121e-01 5.887043508e-04 -6.023384673e-02 -7.449062702e-03       106         32      18302   3
      0 2.424616213e-02 1.917500467e-02 2.547840333e-02 6.943336886e+00 6.943336886e+00 2.291649476e-01 -2.292535586e-01 4.187741062e-01 -6.158358513e-02 -4.679275121e-01 5.887043508e-04 -6.023384673e-02 -7.449062702e-03
      1 6.387460771e-02 -6.721403762e-02 -2.182633549e-02 6.897704115e+00 6.820004416e+00 3.513050438e-01 -4.594759177e-01 8.781305474e-01 9.767450110e-02 -8.967387618e-01 -5.063700784e-01 3.627215268e-01 -2.286647671e-01
      2 2.412196037e-02 1.464005635e-02 2.299516541e-02 6.940941417e+00 6.936862611e+00 2.355766291e-01 -2.413389628e-01 4.428877862e-01 -5.322341385e-02 -4.904377379e-01 -2.602383607e-02 -3.803102205e-02 -1.906166726e-02
  24    2.424616213e-02 1.464005635e-02 2.299516541e-02 6.940941417e+00 6.936862611e+00 2.355766291e-01 -2.413389628e-01 4.428877862e-01 -5.322341385e-02 -4.904377379e-01 -2.602383607e-02 -3.803102205e-02 -1.906166726e-02       107         32      18302   3
      0 2.411312490e-02 1.464005635e-02 2.299516541e-02 6.940941417e+00 6.940941417e+00 2.355766291e-01 -2.413389628e-01 4.428877862e-01 -5.322341385e-02 -4.904377379e-01 -2.602383607e-02 -3.803102205e-02 -1.906166726e-02
      1 5.546070273e-01 9.816926900e-02 5.380176738e-02 6.905963206e+00 6.836703714e+00 2.796378154e-01 -8.070631373e-01 1.008672634e+00 -8.315322449e-02 -7.318867413e-01 3.346664431e-01 -4.229844450e-01 -3.923828611e-02
      2 2.410196980e-02 1.493688211e-02 2.310463840e-02 6.940817120e+00 6.940571002e+00 2.357332030e-01 -2.433492955e-01 4.448983345e-01 -5.332977111e-02 -4.912957406e-01 -2.474210285e-02 -3.939897571e-02 -1.913336601e-02
  25    2.411312490e-02 1.493688211e-02 2.310463840e-02 6.940817120e+00 6.940571002e+00 2.357332030e-01 -2.433492955e-01 4.448983345e-01 -5.332977111e-02 -4.912957406e-01 -2.474210285e-02 -3.939897571e-02 -1.913336601e-02       111         32      18302   3
      0 2.410162594e-02 1.493688211e-02 2.310463840e-02 6.940817120e+00 6.940817120e+00 2.357332030e-01 -2.433492955e-01 4.448983345e-01 -5.332977111e-02 -4.912957406e-01 -2.474210285e-02 -3.939897571e-02 -1.913336601e-02
      1 3.739549607e-01 5.347806188e-02 6.051889517e-02 6.897181762e+00 6.807924201e+00 2.475252171e-01 3.228857437e-01 1.183927379e+00 -6.967211119e-02 -8.004089893e-01 2.892815082e-02 -1.359313605e-01 -7.020203525e-02
      2 2.408913477e-02 1.512658481e-02 2.328879431e-02 6.940602343e+00 6.940163011e+00 2.357912442e-01 -2.405622423e-01 4.485358933e-01 -5.341020939e-02 -4.928172202e-01 -2.447793366e-02 -3.987411567e-02 -1.938473001e-02
  26    2.410162594e-02 1.512658481e-02 2.328879431e-02 6.940602343e+00 6.940163011e+00 2.357912442e-01 -2.405622423e-01 4.485358933e-01 -5.341020939e-02 -4.928172202e-01 -2.447793366e-02 -3.987411567e-02 -1.938473001e-02       113         32      18302   3
      0 2.409008741e-02 1.512658481e-02 2.328879431e-02 6.940602343e+00 6.940602343e+00 2.357912442e-01 -2.405622423e-01 4.485358933e-01 -5.341020939e-02 -4.928172202e-01 -2.447793366e-02 -3.987411567e-02 -1.938473001e-02
      1 5.952169373e-01 8.830009915e-02 4.842378230e-02 6.904617036e+00 6.833300983e+00 2.859572565e-01 -8.744980189e-01 9.992302962e-01 -6.720798087e-02 -7.412645642e-01 2.850158362e-01 -3.781766977e-01 -5.677898107e-02
      2 2.408050374e-02 1.536216454e-02 2.336971557e-02 6.940486490e+00 6.940256890e+00 2.359527520e-01 -2.426031777e-01 4.503088358e-01 -5.345463086e-02 -4.936170882e-01 -2.348152865e-02 -4.096326970e-02 -1.950511957e-02
  27    2.409008741e-02 1.536216454e-02 2.336971557e-02 6.940486490e+00 6.940256890e+00 2.359527520e-01 -2.426031777e-01 4.503088358e-01 -5.345463086e-02 -4.936170882e-01 -2.348152865e-02 -4.096326970e-02 -1.950511957e-02       134         32      18302   3
      0 2.408023710e-02 1.536216454e-02 2.336971557e-02 6.940486490e+00 6.940486490e+00 2.359527520e-01 -2.426031777e-01 4.503088358e-01 -5.345463086e-02 -4.936170882e-01 -2.348152865e-02 -4.096326970e-02 -1.950511957e-02
      1 3.287090969e-01 4.517603264e-02 5.695613645e-02 6.892443228e+00 6.794219290e+00 2.638669881e-01 2.603074051e-01 1.223019028e+00 -5.384235559e-02 -8.331291826e-01 -2.097061289e-02 -9.469753718e-02 -9.257528457e-02
      2 2.406792444e-02 1.553372670e-02 2.356298667e-02 6.940210028e+00 6.939644804e+00 2.361133828e-01 -2.397092082e-01 4.547553514e-01 -5.345686200e-02 -4.955707907e-01 -2.346707974e-02 -4.127248040e-02 -1.992559756e-02
  28    2.408023710e-02 1.553372670e-02 2.356298667e-02 6.940210028e+00 6.939644804e+00 2.361133828e-01 -2.397092082e-01 4.547553514e-01 -5.345686200e-02 -4.955707907e-01 -2.346707974e-02 -4.127248040e-02 -1.992559756e-02       123         32      18302   3
      0 2.406889234e-02 1.553372670e-02 2.356298667e-02 6.940210028e+00 6.940210028e+00 2.361133828e-01 -2.397092082e-01 4.547553514e-01 -5.345686200e-02 -4.955707907e-01 -2.346707974e-02 -4.127248040e-02 -1.992559756e-02
      1 6.896794401e-01 7.767001004e-02 4.092669794e-02 6.907643037e+00 6.843349921e+00 2.891603690e-01 -9.830058224e-01 9.217507520e-01 -5.378960230e-02 -7.182903170e-01 2.454407475e-01 -3.380068834e-01 -6.508894016e-02
      2 2.405931574e-02 1.571796278e-02 2.361447063e-02 6.940113465e+00 6.939922834e+00 2.362706689e-01 -2.419131066e-01 4.561400078e-01 -5.345784859e-02 -4.962311613e-01 -2.266975936e-02 -4.215230747e-02 -2.005950832e-02
  29    2.406889234e-02 1.571796278e-02 2.361447063e-02 6.940113465e+00 6.939922834e+00 2.362706689e-01 -2.419131066e-01 4.561400078e-01 -5.345784859e-02 -4.962311613e-01 -2.266975936e-02 -4.215230747e-02 -2.005950832e-02       122         32      18302   3
      0 2.405902961e-02 1.571796278e-02 2.361447063e-02 6.940113465e+00 6.940113465e+00 2.362706689e-01 -2.419131066e-01 4.561400078e-01 -5.345784859e-02 -4.962311613e-01 -2.266975936e-02 -4.215230747e-02 -2.005950832e-02
      1 1.666376994e-01 4.311570822e-02 5.419338179e-02 6.885384357e+00 6.773638781e+00 2.847217157e-01 9.125597147e-02 1.289796689e+00 -3.748655037e-02 -8.797242511e-01 -3.910779642e-02 -8.674379254e-02 -1.185072334e-01
      2 2.403916460e-02 1.603340453e-02 2.396653848e-02 6.939483346e+00 6.938196772e+00 2.368285061e-01 -2.380771910e-01 4.657382475e-01 -5.327396432e-02 -5.006464784e-01 -2.285901739e-02 -4.266570797e-02 -2.119297834e-02
  30    2.405902961e-02 1.603340453e-02 2.396653848e-02 6.939483346e+00 6.938196772e+00 2.368285061e-01 -2.380771910e-01 4.657382475e-01 -5.327396432e-02 -5.006464784e-01 -2.285901739e-02 -4.266570797e-02 -2.119297834e-02       122         32      18302   3
      0 2.404079782e-02 1.603340453e-02 2.396653848e-02 6.939483346e+00 6.939483346e+00 2.368285061e-01 -2.380771910e-01 4.657382475e-01 -5.327396432e-02 -5.006464784e-01 -2.285901739e-02 -4.266570797e-02 -2.119297834e-02
      1 8.150898359e-01 6.489503550e-02 3.057520296e-02 6.917279764e+00 6.874234694e+00 2.848049520e-01 -1.114793465e+00 7.450411344e-01 -4.437297085e-02 -6.470903907e-01 2.136217737e-01 -2.975460189e-01 -5.944253558e-02
      2 2.402440692e-02 1.620695473e-02 2.399001160e-02 6.939404482e+00 6.939251591e+00 2.369989123e-01 -2.411911739e-01 4.667302952e-01 -5.324234914e-02 -5.011666282e-01 -2.201906819e-02 -4.357100989e-02 -2.132883583e-02
  31    2.404079782e-02 1.620695473e-02 2.399001160e-02 6.939404482e+00 6.939251591e+00 2.369989123e-01 -2.411911739e-01 4.667302952e-01 -5.324234914e-02 -5.011666282e-01 -2.201906819e-02 -4.357100989e-02 -2.132883583e-02       124         32      18302   3
      0 2.402390859e-02 1.620695473e-02 2.399001160e-02 6.939404482e+00 6.939404482e+00 2.369989123e-01 -2.411911739e-01 4.667302952e-01 -5.324234914e-02 -5.011666282e-01 -2.201906819e-02 -4.357100989e-02 -2.132883583e-02
      1 3.278091849e-02 3.816081162e-02 4.651390311e-02 6.877343300e+00 6.750560095e+00 3.145947506e-01 -2.587969021e-01 1.332379438e+00 -9.079589960e-03 -9.263497456e-01 -6.219971374e-02 -7.601394022e-02 -1.570466894e-01
      2 2.376937594e-02 1.910032324e-02 2.695850678e-02 6.931225242e+00 6.914516081e+00 2.472255142e-01 -2.435114887e-01 5.808169443e-01 -4.742199888e-02 -5.572028613e-01 -2.731460305e-02 -4.784676669e-02 -3.921552269e-02
  32    2.402390859e-02 1.910032324e-02 2.695850678e-02 6.931225242e+00 6.914516081e+00 2.472255142e-01 -2.435114887e-01 5.808169443e-01 -4.742199888e-02 -5.572028613e-01 -2.731460305e-02 -4.784676669e-02 -3.921552269e-02       126         32      18302   3
      0 2.377899122e-02 1.910032324e-02 2.695850678e-02 6.931225242e+00 6.931225242e+00 2.472255142e-01 -2.435114887e-01 5.808169443e-01 -4.742199888e-02 -5.572028613e-01 -2.731460305e-02 -4.784676669e-02 -3.921552269e-02
      1 4.003336350e-01 -4.750547452e-02 -2.472817691e-02 6.882015837e+00 6.766306299e+00 4.345520364e-01 -1.033136922e+00 6.523086152e-01 1.128849618e-01 -7.457918911e-01 -3.709288933e-01 2.257174414e-01 -2.522634546e-01
      2 2.377257389e-02 1.886790174e-02 2.677814566e-02 6.931053525e+00 6.930649756e+00 2.478791917e-01 -2.462668934e-01 5.810664151e-01 -4.686260638e-02 -5.578609443e-01 -2.851364804e-02 -4.689216205e-02 -3.995895527e-02
  33    2.377899122e-02 1.886790174e-02 2.677814566e-02 6.931053525e+00 6.930649756e+00 2.478791917e-01 -2.462668934e-01 5.810664151e-01 -4.686260638e-02 -5.578609443e-01 -2.851364804e-02 -4.689216205e-02 -3.995895527e-02       123         32      18302   3
      0 2.377358383e-02 1.886790174e-02 2.677814566e-02 6.931053525e+00 6.931053525e+00 2.478791917e-01 -2.462668934e-01 5.810664151e-01 -4.686260638e-02 -5.578609443e-01 -2.851364804e-02 -4.689216205e-02 -3.995895527e-02
      1 6.998289943e-01 -8.569738057e-02 -1.783619333e-02 6.886671570e+00 6.781237880e+00 2.595176300e-01 2.597209191e-01 6.925539492e-01 1.166777679e-01 -7.205857354e-01 -6.062619340e-01 4.646073312e-01 -2.530855884e-01
      2 2.376913669e-02 1.868860922e-02 2.670164783e-02 6.930977426e+00 6.930796644e+00 2.478991475e-01 -2.453993031e-01 5.812575768e-01 -4.658219242e-02 -5.581399598e-01 -2.950428223e-02 -4.601512114e-02 -4.032439214e-02
  34    2.377358383e-02 1.868860922e-02 2.670164783e-02 6.930977426e+00 6.930796644e+00 2.478991475e-01 -2.453993031e-01 5.812575768e-01 -4.658219242e-02 -5.581399598e-01 -2.950428223e-02 -4.601512114e-02 -4.032439214e-02       119         32      18302   3
      0 2.376899917e-02 1.868860922e-02 2.670164783e-02 6.930977426e+00 6.930977426e+00 2.478991475e-01 -2.453993031e-01 5.812575768e-01 -4.658219242e-02 -5.581399598e-01 -2.950428223e-02 -4.601512114e-02 -4.032439214e-02
      1 9.094544952e-02 -8.584856159e-02 -3.715037302e-02 6.858765874e+00 6.687112415e+00 4.057865617e-01 -6.058189949e-01 7.459465633e-01 1.664171091e-01 -8.166555255e-01 -5.965219218e-01 4.238030648e-01 -3.300136462e-01
      2 2.374952586e-02 1.703267049e-02 2.569018910e-02 6.929833546e+00 6.927114441e+00 2.504001898e-01 -2.511085921e-01 5.838663606e-01 -4.320814096e-02 -5.622350194e-01 -3.848622104e-02 -3.857288671e-02 -4.491326376e-02
  35    2.376899917e-02 1.703267049e-02 2.569018910e-02 6.929833546e+00 6.927114441e+00 2.504001898e-01 -2.511085921e-01 5.838663606e-01 -4.320814096e-02 -5.622350194e-01 -3.848622104e-02 -3.857288671e-02 -4.491326376e-02       119         32      18302   3
      0 2.375049515e-02 1.703267049e-02 2.569018910e-02 6.929833546e+00 6.929833546e+00 2.504001898e-01 -2.511085921e-01 5.838663606e-01 -4.320814096e-02 -5.622350194e-01 -3.848622104e-02 -3.857288671e-02 -4.491326376e-02
      1 8.768484679e-01 -2.455223392e-02 1.783395248e-02 6.873593878e+00 6.737855519e+00 1.882277665e-01 6.012862486e-01 8.492458617e-01 5.824443823e-03 -7.016767708e-01 -3.118749672e-01 1.865761070e-01 -1.451139881e-01
      2 2.374849100e-02 1.699003912e-02 2.568213516e-02 6.929775892e+00 6.929636737e+00 2.503364528e-01 -2.502347471e-01 5.841384182e-01 -4.315787449e-02 -5.623779701e-01 -3.876648950e-02 -3.834207194e-02 -4.501598599e-02
  36    2.375049515e-02 1.699003912e-02 2.568213516e-02 6.929775892e+00 6.929636737e+00 2.503364528e-01 -2.502347471e-01 5.841384182e-01 -4.315787449e-02 -5.623779701e-01 -3.876648950e-02 -3.834207194e-02 -4.501598599e-02       109         32      18302   3
      0 2.374851988e-02 1.699003912e-02 2.568213516e-02 6.929775892e+00 6.929775892e+00 2.503364528e-01 -2.502347471e-01 5.841384182e-01 -4.315787449e-02 -5.623779701e-01 -3.876648950e-02 -3.834207194e-02 -4.501598599e-02
      1 2.937731941e-01 -2.401307481e-03 1.308388718e-02 6.789745045e+00 6.451892633e+00 2.859203031e-01 1.470274985e-01 1.205757221e+00 2.390645985e-02 -9.054539742e-01 -2.379381381e-01 5.155022014e-02 -2.348633864e-01
      2 2.374708045e-02 1.694539680e-02 2.565313176e-02 6.929453516e+00 6.928675720e+00 2.504183731e-01 -2.493201790e-01 5.855694949e-01 -4.300348051e-02 -5.631677919e-01 -3.922501793e-02 -3.813512395e-02 -4.545304835e-02
  37    2.374851988e-02 1.694539680e-02 2.565313176e-02 6.929453516e+00 6.928675720e+00 2.504183731e-01 -2.493201790e-01 5.855694949e-01 -4.300348051e-02 -5.631677919e-01 -3.922501793e-02 -3.813512395e-02 -4.545304835e-02       121         32      18302   3
      0 2.374757129e-02 1.694539680e-02 2.565313176e-02 6.929453516e+00 6.929453516e+00 2.504183731e-01 -2.493201790e-01 5.855694949e-01 -4.300348051e-02 -5.631677919e-01 -3.922501793e-02 -3.813512395e-02 -4.545304835e-02
      1 7.527200722e-01 5.713699815e-02 2.422999389e-02 6.852894898e+00 6.668544388e+00 3.835773117e-01 -1.078805422e+00 8.942565432e-01 -4.373401195e-02 -7.420432093e-01 1.421942852e-01 -2.718864444e-01 -1.073679696e-01
      2 2.374625904e-02 1.698820941e-02 2.565161582e-02 6.929371964e+00 6.929175592e+00 2.505602158e-01 -2.502037574e-01 5.858983123e-01 -4.300425868e-02 -5.633583323e-01 -3.903176775e-02 -3.838411886e-02 -4.551900092e-02
  38    2.374757129e-02 1.698820941e-02 2.565161582e-02 6.929371964e+00 6.929175592e+00 2.505602158e-01 -2.502037574e-01 5.858983123e-01 -4.300425868e-02 -5.633583323e-01 -3.903176775e-02 -3.838411886e-02 -4.551900092e-02       130         32      18302   3
      0 2.374634996e-02 1.698820941e-02 2.565161582e-02 6.929371964e+00 6.929371964e+00 2.505602158e-01 -2.502037574e-01 5.858983123e-01 -4.300425868e-02 -5.633583323e-01 -3.903176775e-02 -3.838411886e-02 -4.551900092e-02
      1 1.079918056e-01 6.865442089e-03 1.626549854e-02 6.772993359e+00 6.394907676e+00 3.095623703e-01 -4.841914338e-02 1.254212473e+00 1.288003977e-02 -9.281016635e-01 -1.994177160e-01 3.603544522e-03 -2.331719133e-01
      2 2.374274797e-02 1.692412000e-02 2.559219030e-02 6.928381898e+00 6.925988157e+00 2.509337710e-01 -2.489262158e-01 5.901295524e-01 -4.265044321e-02 -5.656676005e-01 -4.004720556e-02 -3.811828597e-02 -4.670707172e-02
  39    2.374634996e-02 1.692412000e-02 2.559219030e-02 6.928381898e+00 6.925988157e+00 2.509337710e-01 -2.489262158e-01 5.901295524e-01 -4.265044321e-02 -5.656676005e-01 -4.004720556e-02 -3.811828597e-02 -4.670707172e-02       133         32      18302   3
      0 2.374425294e-02 1.692412000e-02 2.559219030e-02 6.928381898e+00 6.928381898e+00 2.509337710e-01 -2.489262158e-01 5.901295524e-01 -4.265044321e-02 -5.656676005e-01 -4.004720556e-02 -3.811828597e-02 -4.670707172e-02
      1 8.545578976e-01 6.066909109e-02 2.855638630e-02 6.882169303e+00 6.770633135e+00 3.668910025e-01 -1.150780570e+00 7.521646390e-01 -6.163281621e-02 -6.597162025e-01 1.789409751e-01 -2.843765589e-01 -6.120395904e-02
      2 2.374123116e-02 1.699020338e-02 2.559666816e-02 6.928312087e+00 6.928143595e+00 2.511089419e-01 -2.502886028e-01 5.903743309e-01 -4.267911895e-02 -5.658096751e-01 -3.971639088e-02 -3.849029623e-02 -4.672897145e-02
  40    2.374425294e-02 1.699020338e-02 2.559666816e-02 6.928312087e+00 6.928143595e+00 2.511089419e-01 -2.502886028e-01 5.903743309e-01 -4.267911895e-02 -5.658096751e-01 -3.971639088e-02 -3.849029623e-02 -4.672897145e-02       129         32      18302   3
      0 2.374124701e-02 1.699020338e-02 2.559666816e-02 6.928312087e+00 6.928312087e+00 2.511089419e-01 -2.502886028e-01 5.903743309e-01 -4.267911895e-02 -5.658096751e-01 -3.971639088e-02 -3.849029623e-02 -4.672897145e-02
      1 3.846981660e-02 2.220496282e-02 2.529155520e-02 6.757048012e+00 6.340534545e+00 3.316093819e-01 -3.640222394e-01 1.259255735e+00 -1.627423400e-02 -9.174595015e-01 -1.298266651e-01 -6.935929319e-02 -2.045685196e-01
      2 2.372236353e-02 1.714649562e-02 2.558752358e-02 6.923179109e+00 6.910695729e+00 2.535216312e-01 -2.536973286e-01 6.104214636e-01 -4.188773466e-02 -5.763490183e-01 -4.241709779e-02 -3.941547501e-02 -5.145960135e-02
  41    2.374124701e-02 1.714649562e-02 2.558752358e-02 6.923179109e+00 6.910695729e+00 2.535216312e-01 -2.536973286e-01 6.104214636e-01 -4.188773466e-02 -5.763490183e-01 -4.241709779e-02 -3.941547501e-02 -5.145960135e-02       128         32      18302   3
      0 2.373011546e-02 1.714649562e-02 2.558752358e-02 6.923179109e+00 6.923179109e+00 2.535216312e-01 -2.536973286e-01 6.104214636e-01 -4.188773466e-02 -5.763490183e-01 -4.241709779e-02 -3.941547501e-02 -5.145960135e-02
      1 9.317429580e-01 -2.694522733e-02 2.511151304e-02 6.893039191e+00 6.817663982e+00 1.646370239e-01 6.589377782e-01 6.958615212e-01 -1.720277905e-02 -6.072976188e-01 -3.118290558e-01 2.096670354e-01 -9.291389715e-02
      2 2.372375506e-02 1.706841866e-02 2.558668067e-02 6.923125737e+00 6.922992264e+00 2.533642357e-01 -2.520812480e-01 6.105727595e-01 -4.184402291e-02 -5.764038217e-01 -4.289416844e-02 -3.897440343e-02 -5.153300800e-02
  42    2.373011546e-02 1.706841866e-02 2.558668067e-02 6.923125737e+00 6.922992264e+00 2.533642357e-01 -2.520812480e-01 6.105727595e-01 -4.184402291e-02 -5.764038217e-01 -4.289416844e-02 -3.897440343e-02 -5.153300800e-02       128         32      18302   3
      0 2.372363363e-02 1.706841866e-02 2.558668067e-02 6.923125737e+00 6.923125737e+00 2.533642357e-01 -2.520812480e-01 6.105727595e-01 -4.184402291e-02 -5.764038217e-01 -4.289416844e-02 -3.897440343e-02 -5.153300800e-02
      1 8.181403645e-01 -1.963096864e-02 3.212601049e-02 6.819224351e+00 6.558439420e+00 1.941298316e-01 5.536824242e-01 8.546242332e-01 -2.369786492e-02 -6.793734779e-01 -3.210790163e-01 1.826829785e-01 -1.225471931e-01
      2 2.372299643e-02 1.704641808e-02 2.559060087e-02 6.923063451e+00 6.922907115e+00 2.533287258e-01 -2.515982082e-01 6.107190637e-01 -4.183314464e-02 -5.764655500e-01 -4.306093492e-02 -3.884152409e-02 -5.157557964e-02
  43    2.372363363e-02 1.704641808e-02 2.559060087e-02 6.923063451e+00 6.922907115e+00 2.533287258e-01 -2.515982082e-01 6.107190637e-01 -4.183314464e-02 -5.764655500e-01 -4.306093492e-02 -3.884152409e-02 -5.157557964e-02       133         32      18302   3
      0 2.372307775e-02 1.704641808e-02 2.559060087e-02 6.923063451e+00 6.923063451e+00 2.533287258e-01 -2.515982082e-01 6.107190637e-01 -4.183314464e-02 -5.764655500e-01 -4.306093492e-02 -3.884152409e-02 -5.157557964e-02
      1 9.382975636e-02 1.397450972e-02 4.377358638e-02 6.702774356e+00 6.150150288e+00 2.780350302e-01 -6.791302871e-02 1.092022269e+00 -4.333604383e-02 -7.912168919e-01 -2.079766822e-01 1.567487332e-02 -1.585561394e-01
      2 2.372103638e-02 1.703049265e-02 2.568486535e-02 6.921921425e+00 6.919056504e+00 2.534568086e-01 -2.506459450e-01 6.132142422e-01 -4.184093599e-02 -5.775788668e-01 -4.391589332e-02 -3.855889946e-02 -5.213018968e-02
  44    2.372307775e-02 1.703049265e-02 2.568486535e-02 6.921921425e+00 6.919056504e+00 2.534568086e-01 -2.506459450e-01 6.132142422e-01 -4.184093599e-02 -5.775788668e-01 -4.391589332e-02 -3.855889946e-02 -5.213018968e-02       131         32      18302   3
      0 2.372279715e-02 1.703049265e-02 2.568486535e-02 6.921921425e+00 6.921921425e+00 2.534568086e-01 -2.506459450e-01 6.132142422e-01 -4.184093599e-02 -5.775788668e-01 -4.391589332e-02 -3.855889946e-02 -5.213018968e-02
      1 8.722967484e-01 6.168339475e-02 1.911349598e-02 6.863309346e+00 6.716519230e+00 4.792484058e-01 -1.138905957e+00 5.796321261e-01 -5.876794038e-02 -6.284589885e-01 1.778689062e-01 -2.817670499e-01 -4.929576528e-02
      2 2.372102195e-02 1.708329150e-02 2.567709518e-02 6.921852120e+00 6.921678552e+00 2.537237909e-01 -2.516962486e-01 6.131745338e-01 -4.186095096e-02 -5.776390288e-01 -4.365364874e-02 -3.884647561e-02 -5.212683817e-02
  45    2.372279715e-02 1.708329150e-02 2.567709518e-02 6.921852120e+00 6.921678552e+00 2.537237909e-01 -2.516962486e-01 6.131745338e-01 -4.186095096e-02 -5.776390288e-01 -4.365364874e-02 -3.884647561e-02 -5.212683817e-02       129         32      18302   3
      0 2.372107235e-02 1.708329150e-02 2.567709518e-02 6.921852120e+00 6.921852120e+00 2.537237909e-01 -2.516962486e-01 6.131745338e-01 -4.186095096e-02 -5.776390288e-01 -4.365364874e-02 -3.884647561e-02 -5.212683817e-02
      1 2.512124940e-01 2.610808236e-02 1.584220527e-02 6.714233981e+00 6.192009152e+00 -1.380164213e-01 -3.324694378e-01 1.021435600e+00 7.863796432e-02 -7.523514549e-01 -1.045078254e-01 -7.158299886e-02 -2.702200448e-01
      2 2.372084726e-02 1.709726527e-02 2.566186706e-02 6.921530649e+00 6.920722049e+00 2.531172296e-01 -2.518213159e-01 6.138066755e-01 -4.167437328e-02 -5.779095494e-01 -4.374787391e-02 -3.889716407e-02 -5.246452854e-02
  46    2.372107235e-02 1.709726527e-02 2.566186706e-02 6.921530649e+00 6.920722049e+00 2.531172296e-01 -2.518213159e-01 6.138066755e-01 -4.167437328e-02 -5.779095494e-01 -4.374787391e-02 -3.889716407e-02 -5.246452854e-02       128         32      18302   3
      0 2.372132316e-02 1.709726527e-02 2.566186706e-02 6.921530649e+00 6.921530649e+00 2.531172296e-01 -2.518213159e-01 6.138066755e-01 -4.167437328e-02 -5.779095494e-01 -4.374787391e-02 -3.889716407e-02 -5.246452854e-02
      1 7.152712198e-01 1.506737066e-02 4.440726072e-02 6.827871339e+00 6.591235189e+00 1.148596216e+00 -1.799304032e-01 5.620510330e-01 -2.237627699e-01 -6.697669552e-01 -1.028039910e-01 -2.195668746e-02 1.108731461e-01
      2 2.372052974e-02 1.709570803e-02 2.567624768e-02 6.921458798e+00 6.921277262e+00 2.538042004e-01 -2.517661645e-01 6.137669710e-01 -4.181406322e-02 -5.779800183e-01 -4.379317908e-02 -3.888416811e-02 -5.233922330e-02
  47    2.372132316e-02 1.709570803e-02 2.567624768e-02 6.921458798e+00 6.921277262e+00 2.538042004e-01 -2.517661645e-01 6.137669710e-01 -4.181406322e-02 -5.779800183e-01 -4.379317908e-02 -3.888416811e-02 -5.233922330e-02       128         32      18302   3
      0 2.372063662e-02 1.709570803e-02 2.567624768e-02 6.921458798e+00 6.921458798e+00 2.538042004e-01 -2.517661645e-01 6.137669710e-01 -4.181406322e-02 -5.779800183e-01 -4.379317908e-02 -3.888416811e-02 -5.233922330e-02
      1 3.408798984e-02 2.291189898e-02 -3.105123043e-02 6.667577958e+00 6.029102466e+00 4.166106375e-01 -2.588682939e-01 5.634827949e-01 8.806631732e-02 -7.809063205e-01 -1.404541618e-01 -5.415139683e-02 -2.505400184e-01
      2 2.371394545e-02 1.724536638e-02 2.421657405e-02 6.914926106e+00 6.898497280e+00 2.579934270e-01 -2.519489118e-01 6.124730921e-01 -3.847206790e-02 -5.832015825e-01 -4.628039501e-02 -3.927701425e-02 -5.743919396e-02
  48    2.372063662e-02 1.724536638e-02 2.421657405e-02 6.914926106e+00 6.898497280e+00 2.579934270e-01 -2.519489118e-01 6.124730921e-01 -3.847206790e-02 -5.832015825e-01 -4.628039501e-02 -3.927701425e-02 -5.743919396e-02       128         32      18302   3
      0 2.372351075e-02 1.724536638e-02 2.421657405e-02 6.914926106e+00 6.914926106e+00 2.579934270e-01 -2.519489118e-01 6.124730921e-01 -3.847206790e-02 -5.832015825e-01 -4.628039501e-02 -3.927701425e-02 -5.743919396e-02
      1 8.610851252e-01 2.951921690e-02 2.346380811e-02 6.876712247e+00 6.784414872e+00 -6.831344328e-01 -3.968731997e-01 7.948928784e-01 7.444532578e-02 -5.212694664e-01 2.045238908e-02 -1.127758008e-01 -1.795554000e-01
      2 2.371896157e-02 1.726527757e-02 2.421535288e-02 6.914864113e+00 6.914714385e+00 2.564666873e-01 -2.521840144e-01 6.127690216e-01 -3.828888825e-02 -5.831011135e-01 -4.617213810e-02 -3.939624727e-02 -5.763729634e-02
  49    2.372351075e-02 1.726527757e-02 2.421535288e-02 6.914864113e+00 6.914714385e+00 2.564666873e-01 -2.521840144e-01 6.127690216e-01 -3.828888825e-02 -5.831011135e-01 -4.617213810e-02 -3.939624727e-02 -5.763729634e-02       132         32      18302   3
      0 2.371904157e-02 1.726527757e-02 2.421535288e-02 6.914864113e+00 6.914864113e+00 2.564666873e-01 -2.521840144e-01 6.127690216e-01 -3.828888825e-02 -5.831011135e-01 -4.617213810e-02 -3.939624727e-02 -5.763729634e-02
      1 3.415474045e-01 3.298764159e-02 1.227021393e-01 6.800811144e+00 6.522645746e+00 -4.212616423e-01 -3.070190088e-01 1.072471749e+00 -2.803645237e-01 -4.436787174e-01 3.824426524e-02 -1.466725152e-01 1.723347143e-01
      2 2.371749397e-02 1.729234514e-02 2.438490741e-02 6.914667760e+00 6.914188872e+00 2.552999124e-01 -2.522784182e-01 6.135604444e-01 -3.870564488e-02 -5.828610843e-01 -4.602680710e-02 -3.958093375e-02 -5.724137727e-02
  50    2.371904157e-02 1.729234514e-02 2.438490741e-02 6.914667760e+00 6.914188872e+00 2.552999124e-01 -2.522784182e-01 6.135604444e-01 -3.870564488e-02 -5.828610843e-01 -4.602680710e-02 -3.958093375e-02 -5.724137727e-02       127         32      18302   3
      0 2.371777460e-02 1.729234514e-02 2.438490741e-02 6.914667760e+00 6.914667760e+00 2.552999124e-01 -2.522784182e-01 6.135604444e-01 -3.870564488e-02 -5.828610843e-01 -4.602680710e-02 -3.958093375e-02 -5.724137727e-02
      1 5.596765955e-01 1.834593692e-02 1.510983104e-01 6.814698328e+00 6.568415710e+00 7.870330134e-01 -1.140078669e-01 9.429937133e-01 -5.084755184e-01 -5.008149547e-01 -4.218501080e-02 -6.527897683e-02 4.070674303e-01
      2 2.371673200e-02 1.729337029e-02 2.450820032e-02 6.914570489e+00 6.914330855e+00 2.558172919e-01 -2.521438801e-01 6.138809849e-01 -3.916273382e-02 -5.827812529e-01 -4.602306901e-02 -3.960593810e-02 -5.678960198e-02
  51    2.371777460e-02 1.729337029e-02 2.450820032e-02 6.914570489e+00 6.914330855e+00 2.558172919e-01 -2.521438801e-01 6.138809849e-01 -3.916273382e-02 -5.827812529e-01 -4.602306901e-02 -3.960593810e-02 -5.678960198e-02       130         32      18302   3
      0 2.371687368e-02 1.729337029e-02 2.450820032e-02 6.914570489e+00 6.914570489e+00 2.558172919e-01 -2.521438801e-01 6.138809849e-01 -3.916273382e-02 -5.827812529e-01 -4.602306901e-02 -3.960593810e-02 -5.678960198e-02
      1 1.665159997e-01 2.920475439e-02 1.388099609e-01 6.766365630e+00 6.402188216e+00 -2.382814532e-01 -2.810963985e-01 1.125055441e+00 -3.372779339e-01 -4.510736921e-01 1.701213214e-02 -1.337794612e-01 2.206273507e-01
      2 2.371555211e-02 1.733475281e-02 2.490530739e-02 6.914055596e+00 6.912790371e+00 2.541006945e-01 -2.522444669e-01 6.156569067e-01 -4.019844536e-02 -5.823236747e-01 -4.580407217e-02 -3.993311566e-02 -5.582580027e-02
  52    2.371687368e-02 1.733475281e-02 2.490530739e-02 6.914055596e+00 6.912790371e+00 2.541006945e-01 -2.522444669e-01 6.156569067e-01 -4.019844536e-02 -5.823236747e-01 -4.580407217e-02 -3.993311566e-02 -5.582580027e-02       128         32      18302   3
      0 2.371629754e-02 1.733475281e-02 2.490530739e-02 6.914055596e+00 6.914055596e+00 2.541006945e-01 -2.522444669e-01 6.156569067e-01 -4.019844536e-02 -5.823236747e-01 -4.580407217e-02 -3.993311566e-02 -5.582580027e-02
      1 7.801078967e-01 1.108698499e-02 8.587308442e-02 6.850914840e+00 6.693282624e+00 1.110545030e+00 -1.190006251e-01 6.201662363e-01 -3.459016551e-01 -5.694286212e-01 -8.163889898e-02 -1.884440661e-02 2.554549041e-01
      2 2.371467012e-02 1.732823084e-02 2.496895093e-02 6.913989684e+00 6.913825134e+00 2.549947267e-01 -2.521053752e-01 6.156616140e-01 -4.051756534e-02 -5.823102137e-01 -4.584147973e-02 -3.991110141e-02 -5.550085801e-02
  53    2.371629754e-02 1.732823084e-02 2.496895093e-02 6.913989684e+00 6.913825134e+00 2.549947267e-01 -2.521053752e-01 6.156616140e-01 -4.051756534e-02 -5.823102137e-01 -4.584147973e-02 -3.991110141e-02 -5.550085801e-02       127         32      18302   3
      0 2.371476585e-02 1.732823084e-02 2.496895093e-02 6.913989684e+00 6.913989684e+00 2.549947267e-01 -2.521053752e-01 6.156616140e-01 -4.051756534e-02 -5.823102137e-01 -4.584147973e-02 -3.991110141e-02 -5.550085801e-02
      1 1.930243232e-01 1.603052238e-02 1.040746361e-01 6.681100700e+00 6.103193021e+00 5.237903095e-01 -1.823137046e-01 7.298911385e-01 -3.435100166e-01 -4.877026806e-01 -5.825393622e-02 -7.890373450e-02 2.436851466e-01
      2 2.371410293e-02 1.732583794e-02 2.511481741e-02 6.913560250e+00 6.912494620e+00 2.554903708e-01 -2.519766833e-01 6.158722469e-01 -4.107626655e-02 -5.821357626e-01 -4.586436760e-02 -3.998300165e-02 -5.494917567e-02
  54    2.371476585e-02 1.732583794e-02 2.511481741e-02 6.913560250e+00 6.912494620e+00 2.554903708e-01 -2.519766833e-01 6.158722469e-01 -4.107626655e-02 -5.821357626e-01 -4.586436760e-02 -3.998300165e-02 -5.494917567e-02       127         32      18302   3
      0 2.371472878e-02 1.732583794e-02 2.511481741e-02 6.913560250e+00 6.913560250e+00 2.554903708e-01 -2.519766833e-01 6.158722469e-01 -4.107626655e-02 -5.821357626e-01 -4.586436760e-02 -3.998300165e-02 -5.494917567e-02
      1 7.828367393e-01 2.381671739e-02 3.904244952e-03 6.804408589e+00 6.534180632e+00 -6.124892107e-01 -3.748998077e-01 6.872255838e-01 1.310417787e-01 -5.323752229e-01 -1.344141783e-02 -9.496181422e-02 -2.390697962e-01
      2 2.371413452e-02 1.732980190e-02 2.510186416e-02 6.913493591e+00 6.913328564e+00 2.549602973e-01 -2.520517522e-01 6.159158222e-01 -4.097115439e-02 -5.821053740e-01 -4.584456697e-02 -4.001657711e-02 -5.506161779e-02
  55    2.371472878e-02 1.732980190e-02 2.510186416e-02 6.913493591e+00 6.913328564e+00 2.549602973e-01 -2.520517522e-01 6.159158222e-01 -4.097115439e-02 -5.821053740e-01 -4.584456697e-02 -4.001657711e-02 -5.506161779e-02       127         32      18302   3