***************    Tue Dec 22 12:46:14 2020     *************** 

  parameters for computational domain and elasticity
     L1    L2      a1         a2        a3         a4    
    7.000 7.000 11.562724 -17.437087 10.062913 -9.375448

  parameters for the twin structure
    theta_t theta_r   phi    alpha 
    0.50000 0.50000 0.78540 1.57080
          G_tl               G_tr               G_rt               G_rb      
    [[1.000, -0.000],   [[1.000, 0.000],   [[1.000, -0.100],   [[1.000, 0.100],
     [0.100, 1.000]]    [-0.100, 1.000]]    [0.000, 1.000]]    [0.000, 1.000]]

  starting parameters for shape optimization
        Delta_t         Delta_r           Lt              Lr              pt              pr              c1              c2              c3              c4              tlb             tbl      
    0.000000000e+00 0.000000000e+00 7.000000000e+00 7.000000000e+00 0.000000000e+00 0.000000000e+00 0.000000000e+00 0.000000000e+00 0.000000000e+00 0.000000000e+00 0.000000000e+00 0.000000000e+00 

  results of shape optimization and details
             E_end          Delta_t         Delta_r           Lt              Lr              pt              pr              c1              c2              c3              c4              tlb             tbl          time       res       verts    it 
      0 1.454429592e-01 0.000000000e+00 0.000000000e+00 7.000000000e+00 7.000000000e+00 0.000000000e+00 0.000000000e+00 0.000000000e+00 0.000000000e+00 0.000000000e+00 0.000000000e+00 0.000000000e+00 0.000000000e+00
      1 5.113269486e-01 2.327779266e-02 8.322938692e-03 6.984862674e+00 6.985613212e+00 6.839915753e-01 -6.235598453e-01 -8.482497366e-05 -1.884263343e-01 -6.854842033e-04 1.870279955e-01 -1.805255545e-01 1.980088168e-01
      2 3.086826883e-02 7.636882525e-03 2.730555512e-03 6.995033808e+00 6.995280042e+00 2.244011443e-01 -2.045749507e-01 -2.782902866e-05 -6.181813719e-02 -2.248908395e-04 6.135937594e-02 -5.922608181e-02 6.496191865e-02
   0    1.454429592e-01 7.636882525e-03 2.730555512e-03 6.995033808e+00 6.995280042e+00 2.244011443e-01 -2.045749507e-01 -2.782902866e-05 -6.181813719e-02 -2.248908395e-04 6.135937594e-02 -5.922608181e-02 6.496191865e-02       310         32      18302   3
      0 2.762881563e-02 7.636882525e-03 2.730555512e-03 6.995033808e+00 6.995033808e+00 2.244011443e-01 -2.045749507e-01 -2.782902866e-05 -6.181813719e-02 -2.248908395e-04 6.135937594e-02 -5.922608181e-02 6.496191865e-02
      1 7.156003149e-01 2.005795916e-01 1.703780107e-01 6.975308999e+00 6.991189791e+00 -2.285911708e-02 -9.534005133e-01 5.540564475e-03 1.967370566e-01 8.585780859e-03 -7.207693155e-02 -1.227109423e-01 -4.078924336e-01
      2 2.721275215e-02 1.137559625e-02 5.979114861e-03 6.994651594e+00 6.994959322e+00 2.196099016e-01 -2.190851876e-01 8.007154614e-05 -5.680802898e-02 -5.416358402e-05 5.877373715e-02 -6.045624863e-02 5.579926583e-02
   1    2.762881563e-02 1.137559625e-02 5.979114861e-03 6.994651594e+00 6.994959322e+00 2.196099016e-01 -2.190851876e-01 8.007154614e-05 -5.680802898e-02 -5.416358402e-05 5.877373715e-02 -6.045624863e-02 5.579926583e-02       321         32      18302   3
      0 2.713596005e-02 1.137559625e-02 5.979114861e-03 6.994651594e+00 6.994651594e+00 2.196099016e-01 -2.190851876e-01 8.007154614e-05 -5.680802898e-02 -5.416358402e-05 5.877373715e-02 -6.045624863e-02 5.579926583e-02
      1 1.593259547e-01 2.297807397e-01 3.093190812e-01 6.963671273e+00 6.989310498e+00 6.033444569e-01 -1.698513004e-01 1.040848678e-02 1.250291081e-01 1.359750967e-02 -5.201146087e-01 1.910925171e-01 -4.713376032e-01
      2 2.639986112e-02 2.664148023e-02 2.718169580e-02 6.992486160e+00 6.994278267e+00 2.464318304e-01 -2.156438821e-01 8.019977158e-04 -4.409814224e-02 9.000486501e-04 1.831112632e-02 -4.287372190e-02 1.895393264e-02
   2    2.713596005e-02 2.664148023e-02 2.718169580e-02 6.992486160e+00 6.994278267e+00 2.464318304e-01 -2.156438821e-01 8.019977158e-04 -4.409814224e-02 9.000486501e-04 1.831112632e-02 -4.287372190e-02 1.895393264e-02       319         32      18302   3
      0 2.642141081e-02 2.664148023e-02 2.718169580e-02 6.992486160e+00 6.992486160e+00 2.464318304e-01 -2.156438821e-01 8.019977158e-04 -4.409814224e-02 9.000486501e-04 1.831112632e-02 -4.287372190e-02 1.895393264e-02
      1 1.037359406e+00 1.717853076e-01 1.151102404e-01 6.977557237e+00 6.989442702e+00 -2.352234386e-01 -9.599597825e-01 5.065718309e-03 1.427090126e-01 9.170897356e-03 4.947708357e-02 -2.149627381e-01 -3.265924486e-01
      2 2.592440865e-02 2.973584500e-02 2.905627081e-02 6.992167886e+00 6.992421276e+00 2.361632773e-01 -2.315121760e-01 8.928972536e-04 -4.011554449e-02 1.076377354e-03 1.897556271e-02 -4.654253924e-02 1.158712573e-02
   3    2.642141081e-02 2.973584500e-02 2.905627081e-02 6.992167886e+00 6.992421276e+00 2.361632773e-01 -2.315121760e-01 8.928972536e-04 -4.011554449e-02 1.076377354e-03 1.897556271e-02 -4.654253924e-02 1.158712573e-02       345         32      18302   3