***************    Sun Dec 20 18:34:27 2020     *************** 

  parameters for computational domain and elasticity
     L1    L2      a1         a2        a3         a4    
    7.000 7.000 11.562724 -17.437087 10.062913 -9.375448

  parameters for the twin structure
    theta_t theta_r   phi    alpha 
    0.50000 0.50000 0.78540 1.57080
          G_tl               G_tr               G_rt               G_rb      
    [[1.000, -0.000],   [[1.000, 0.000],   [[1.000, -0.100],   [[1.000, 0.100],
     [0.100, 1.000]]    [-0.100, 1.000]]    [0.000, 1.000]]    [0.000, 1.000]]

  starting parameters for shape optimization
        Delta_t         Delta_r           Lt              Lr              pt              pr              c1              c2              c3              c4              tlb             tbl      
    2.826990968e-03 2.669418181e-01 6.994387187e+00 6.994387187e+00 -1.892162866e-01 -2.400163818e-01 9.461043425e-02 7.190827349e-02 -5.838688588e-03 1.098843838e-02 -1.641763705e-02 2.375389059e-02 

  results of shape optimization and details
             E_end          Delta_t         Delta_r           Lt              Lr              pt              pr              c1              c2              c3              c4              tlb             tbl          time       res       verts    it 
      0 3.056044525e-03 2.826990968e-03 2.669418181e-01 6.994387187e+00 6.994387187e+00 -1.892162866e-01 -2.400163818e-01 9.461043425e-02 7.190827349e-02 -5.838688588e-03 1.098843838e-02 -1.641763705e-02 2.375389059e-02
      1 5.274029656e-01 -6.308182684e-02 5.189957427e-01 6.985816459e+00 6.660894352e+00 -5.675669644e-01 -9.507584347e-01 2.762336031e-01 2.321894344e-01 -3.290706787e-02 -1.744271892e-01 1.719555383e-01 2.317377508e-01
      2 3.054085975e-03 2.715555796e-03 2.673679777e-01 6.994372696e+00 6.993823335e+00 -1.898559821e-01 -2.412180672e-01 9.491751318e-02 7.217926847e-02 -5.884454384e-03 1.067494736e-02 -1.609914557e-02 2.410553879e-02
   0    3.056044525e-03 2.715555796e-03 2.673679777e-01 6.994372696e+00 6.993823335e+00 -1.898559821e-01 -2.412180672e-01 9.491751318e-02 7.217926847e-02 -5.884454384e-03 1.067494736e-02 -1.609914557e-02 2.410553879e-02       158         32      18587   3
      0 3.054557432e-03 2.715555796e-03 2.673679777e-01 6.994372696e+00 6.994372696e+00 -1.898559821e-01 -2.412180672e-01 9.491751318e-02 7.217926847e-02 -5.884454384e-03 1.067494736e-02 -1.609914557e-02 2.410553879e-02
      1 4.682303649e-01 -6.793654116e-02 5.082966476e-01 6.985775808e+00 6.624034189e+00 -3.709911250e-01 2.232645044e-01 2.731543923e-01 2.425713895e-01 -3.382590881e-02 -4.670605348e-01 4.345774781e-01 2.654765112e-01
      2 3.053144666e-03 2.634257032e-03 2.676452122e-01 6.994362804e+00 6.993946551e+00 -1.900644127e-01 -2.406835911e-01 9.512260883e-02 7.237533723e-02 -5.916606376e-03 1.012522123e-02 -1.558055583e-02 2.438328230e-02
   1    3.054557432e-03 2.634257032e-03 2.676452122e-01 6.994362804e+00 6.993946551e+00 -1.900644127e-01 -2.406835911e-01 9.512260883e-02 7.237533723e-02 -5.916606376e-03 1.012522123e-02 -1.558055583e-02 2.438328230e-02       166         32      18587   3
      0 3.053359706e-03 2.634257032e-03 2.676452122e-01 6.994362804e+00 6.994362804e+00 -1.900644127e-01 -2.406835911e-01 9.512260883e-02 7.237533723e-02 -5.916606376e-03 1.012522123e-02 -1.558055583e-02 2.438328230e-02
      1 2.481780615e-01 -7.180121137e-02 5.751693028e-01 6.982904751e+00 6.512563323e+00 -4.004256468e-01 -7.766915191e-01 3.231733648e-01 2.916597533e-01 -4.289229035e-02 -2.498775760e-01 2.413198330e-01 3.422050122e-01
      2 3.051226375e-03 2.379811030e-03 2.686964352e-01 6.994323636e+00 6.992715848e+00 -1.907834997e-01 -2.425158503e-01 9.590216466e-02 7.312492669e-02 -6.043001967e-03 9.236442348e-03 -1.470238205e-02 2.546970616e-02
   2    3.053359706e-03 2.379811030e-03 2.686964352e-01 6.994323636e+00 6.992715848e+00 -1.907834997e-01 -2.425158503e-01 9.590216466e-02 7.312492669e-02 -6.043001967e-03 9.236442348e-03 -1.470238205e-02 2.546970616e-02       195         32      18587   3
      0 3.042845840e-03 2.379811030e-03 2.686964352e-01 6.994323636e+00 6.994323636e+00 -1.907834997e-01 -2.425158503e-01 9.590216466e-02 7.312492669e-02 -6.043001967e-03 9.236442348e-03 -1.470238205e-02 2.546970616e-02
      1 6.665579244e-01 -3.299460998e-02 4.035250742e-01 6.988554482e+00 6.725895503e+00 -1.658004482e-01 4.970121976e-01 2.673221614e-01 1.920009853e-01 -2.530986101e-02 -3.803446881e-01 3.444952844e-01 2.159246639e-01
      2 3.041197381e-03 2.339143492e-03 2.688514384e-01 6.994317004e+00 6.994015043e+00 -1.907547784e-01 -2.416656658e-01 9.609923443e-02 7.326159032e-02 -6.065151749e-03 8.788567728e-03 -1.428943720e-02 2.568865912e-02
   3    3.042845840e-03 2.339143492e-03 2.688514384e-01 6.994317004e+00 6.994015043e+00 -1.907547784e-01 -2.416656658e-01 9.609923443e-02 7.326159032e-02 -6.065151749e-03 8.788567728e-03 -1.428943720e-02 2.568865912e-02       186         32      18552   3
      0 3.050470854e-03 2.339143492e-03 2.688514384e-01 6.994317004e+00 6.994317004e+00 -1.907547784e-01 -2.416656658e-01 9.609923443e-02 7.326159032e-02 -6.065151749e-03 8.788567728e-03 -1.428943720e-02 2.568865912e-02
      1 7.907486767e-02 -5.286248675e-02 5.678324464e-01 6.980936024e+00 6.369964155e+00 -1.011250242e-01 -1.474401754e-01 3.662116811e-01 3.382515447e-01 -5.078519664e-02 -2.940612282e-01 2.708641135e-01 4.528242725e-01
      2 3.046589503e-03 1.949377094e-03 2.709624766e-01 6.994222524e+00 6.989908588e+00 -1.901219227e-01 -2.410003606e-01 9.800643817e-02 7.513262528e-02 -6.380910011e-03 6.650212873e-03 -1.227603159e-02 2.870456841e-02
   4    3.050470854e-03 1.949377094e-03 2.709624766e-01 6.994222524e+00 6.989908588e+00 -1.901219227e-01 -2.410003606e-01 9.800643817e-02 7.513262528e-02 -6.380910011e-03 6.650212873e-03 -1.227603159e-02 2.870456841e-02       132         32      18587   3
      0 3.049539947e-03 1.949377094e-03 2.709624766e-01 6.994222524e+00 6.994222524e+00 -1.901219227e-01 -2.410003606e-01 9.800643817e-02 7.513262528e-02 -6.380910011e-03 6.650212873e-03 -1.227603159e-02 2.870456841e-02
      1 9.578218295e-01 9.987104951e-03 3.321945747e-01 6.989955521e+00 6.808594433e+00 -2.537738229e-01 -1.148941129e+00 1.675135711e-01 1.502418537e-01 -2.026031150e-02 2.485494261e-01 -2.339396667e-01 1.511249707e-01
      2 3.046689106e-03 1.959381933e-03 2.710386943e-01 6.994217212e+00 6.993991466e+00 -1.902011524e-01 -2.421305059e-01 9.809295610e-02 7.522611633e-02 -6.398186182e-03 6.951313202e-03 -1.255194399e-02 2.885694932e-02
   5    3.049539947e-03 1.959381933e-03 2.710386943e-01 6.994217212e+00 6.993991466e+00 -1.902011524e-01 -2.421305059e-01 9.809295610e-02 7.522611633e-02 -6.398186182e-03 6.951313202e-03 -1.255194399e-02 2.885694932e-02       141         32      18587   3
      0 3.037336632e-03 1.959381933e-03 2.710386943e-01 6.994217212e+00 6.994217212e+00 -1.902011524e-01 -2.421305059e-01 9.809295610e-02 7.522611633e-02 -6.398186182e-03 6.951313202e-03 -1.255194399e-02 2.885694932e-02
      1 6.969892102e-01 5.993335728e-03 4.047091242e-01 6.984733434e+00 6.555405043e+00 -2.772102946e-01 -1.010193984e+00 2.981517685e-01 2.581913690e-01 -3.882263172e-02 1.189347064e-01 -1.196864302e-01 3.344850728e-01
      2 3.036614375e-03 1.962421817e-03 2.711394249e-01 6.994210066e+00 6.993886535e+00 -1.902667203e-01 -2.427092989e-01 9.824371530e-02 7.536399427e-02 -6.422620414e-03 7.035701021e-03 -1.263267780e-02 2.908726286e-02
   6    3.037336632e-03 1.962421817e-03 2.711394249e-01 6.994210066e+00 6.993886535e+00 -1.902667203e-01 -2.427092989e-01 9.824371530e-02 7.536399427e-02 -6.422620414e-03 7.035701021e-03 -1.263267780e-02 2.908726286e-02       123         32      18552   3
      0 3.046544965e-03 1.962421817e-03 2.711394249e-01 6.994210066e+00 6.994210066e+00 -1.902667203e-01 -2.427092989e-01 9.824371530e-02 7.536399427e-02 -6.422620414e-03 7.035701021e-03 -1.263267780e-02 2.908726286e-02
      1 3.379452717e-01 3.001108299e-03 4.280379433e-01 6.982110442e+00 6.376404895e+00 -1.601759099e-01 2.866625917e-01 2.960155432e-01 3.186592933e-01 -4.887990867e-02 -1.509176567e-01 1.185292217e-01 4.415802493e-01
      2 3.045736644e-03 1.963735140e-03 2.713378086e-01 6.994194767e+00 6.993428908e+00 -1.902286733e-01 -2.420399573e-01 9.849377942e-02 7.567161859e-02 -6.476303715e-03 6.835983660e-03 -1.246683575e-02 2.960882195e-02
   7    3.046544965e-03 1.963735140e-03 2.713378086e-01 6.994194767e+00 6.993428908e+00 -1.902286733e-01 -2.420399573e-01 9.849377942e-02 7.567161859e-02 -6.476303715e-03 6.835983660e-03 -1.246683575e-02 2.960882195e-02       138         32      18587   3
      0 3.036829162e-03 1.963735140e-03 2.713378086e-01 6.994194767e+00 6.994194767e+00 -1.902286733e-01 -2.420399573e-01 9.849377942e-02 7.567161859e-02 -6.476303715e-03 6.835983660e-03 -1.246683575e-02 2.960882195e-02
      1 7.878822553e-01 7.243766747e-03 3.761144859e-01 6.985972023e+00 6.616426234e+00 -2.670157907e-01 -1.064712103e+00 2.657160685e-01 2.308286182e-01 -3.446142253e-02 1.550973292e-01 -1.519562511e-01 2.928058800e-01
      2 3.035998327e-03 1.967705484e-03 2.714165959e-01 6.994188584e+00 6.993910702e+00 -1.902864137e-01 -2.426585695e-01 9.861952301e-02 7.578828962e-02 -6.497347256e-03 6.947469477e-03 -1.257172547e-02 2.980673422e-02
   8    3.036829162e-03 1.967705484e-03 2.714165959e-01 6.994188584e+00 6.993910702e+00 -1.902864137e-01 -2.426585695e-01 9.861952301e-02 7.578828962e-02 -6.497347256e-03 6.947469477e-03 -1.257172547e-02 2.980673422e-02       136         32      18552   3
      0 3.036168185e-03 1.967705484e-03 2.714165959e-01 6.994188584e+00 6.994188584e+00 -1.902864137e-01 -2.426585695e-01 9.861952301e-02 7.578828962e-02 -6.497347256e-03 6.947469477e-03 -1.257172547e-02 2.980673422e-02
      1 6.466733573e-03 1.422665557e-03 4.484010599e-01 6.979433638e+00 6.280431110e+00 -2.324719858e-01 -2.893115419e-01 4.019762022e-01 3.659233805e-01 -5.776837624e-02 -1.192804053e-01 9.024135892e-02 5.295229229e-01
      2 2.991063870e-03 1.902689867e-03 2.925283596e-01 6.992428526e+00 6.909047330e+00 -1.953185606e-01 -2.482236146e-01 1.348057193e-01 1.103973359e-01 -1.261326177e-02 -8.109745223e-03 -3.075667993e-04 8.941586536e-02
   9    3.036168185e-03 1.902689867e-03 2.925283596e-01 6.992428526e+00 6.909047330e+00 -1.953185606e-01 -2.482236146e-01 1.348057193e-01 1.103973359e-01 -1.261326177e-02 -8.109745223e-03 -3.075667993e-04 8.941586536e-02       139         32      18552   3
      0 3.071463530e-03 1.902689867e-03 2.925283596e-01 6.992428526e+00 6.992428526e+00 -1.953185606e-01 -2.482236146e-01 1.348057193e-01 1.103973359e-01 -1.261326177e-02 -8.109745223e-03 -3.075667993e-04 8.941586536e-02
      1 1.568053714e-01 6.466450227e-02 -8.484471145e-03 6.989900445e+00 6.806605776e+00 2.876219587e-01 -2.521249131e-01 1.157344577e-01 1.014295067e-01 -1.977143599e-02 5.547061700e-01 -5.509829053e-01 2.204445733e-01
      2 3.039544564e-03 2.827294673e-03 2.880938492e-01 6.992391282e+00 6.989690991e+00 -1.882038980e-01 -2.482810884e-01 1.345247621e-01 1.102652221e-01 -1.271871574e-02 1.816389806e-04 -8.420096455e-03 9.134617566e-02
  10    3.071463530e-03 2.827294673e-03 2.880938492e-01 6.992391282e+00 6.989690991e+00 -1.882038980e-01 -2.482810884e-01 1.345247621e-01 1.102652221e-01 -1.271871574e-02 1.816389806e-04 -8.420096455e-03 9.134617566e-02       132         32      18587   3
      0 3.041559869e-03 2.827294673e-03 2.880938492e-01 6.992391282e+00 6.992391282e+00 -1.882038980e-01 -2.482810884e-01 1.345247621e-01 1.102652221e-01 -1.271871574e-02 1.816389806e-04 -8.420096455e-03 9.134617566e-02
      1 6.962105165e-01 8.436351812e-03 1.443451163e-01 6.991007949e+00 6.890212842e+00 -3.472114835e-01 7.103646692e-01 1.253860361e-01 1.129895021e-01 -1.791370047e-02 -1.171365412e-01 8.341417201e-02 1.389106386e-01
      2 3.029526890e-03 2.844770008e-03 2.876459919e-01 6.992386972e+00 6.992072939e+00 -1.886992951e-01 -2.452943732e-01 1.344962899e-01 1.102737098e-01 -1.273490101e-02 -1.838724561e-04 -8.133981588e-03 9.149436544e-02
  11    3.041559869e-03 2.844770008e-03 2.876459919e-01 6.992386972e+00 6.992072939e+00 -1.886992951e-01 -2.452943732e-01 1.344962899e-01 1.102737098e-01 -1.273490101e-02 -1.838724561e-04 -8.133981588e-03 9.149436544e-02       150         32      18587   3
      0 3.029621333e-03 2.844770008e-03 2.876459919e-01 6.992386972e+00 6.992386972e+00 -1.886992951e-01 -2.452943732e-01 1.344962899e-01 1.102737098e-01 -1.273490101e-02 -1.838724561e-04 -8.133981588e-03 9.149436544e-02
      1 5.273900501e-02 3.889572257e-02 -1.703959710e-01 6.987039112e+00 6.657949077e+00 -7.100514128e-01 -6.301948476e-02 5.615827418e-02 1.172479152e-01 -3.251704166e-02 4.086692188e-01 -4.212142408e-01 2.576733351e-01
      2 3.023782944e-03 3.640506386e-03 2.775358387e-01 6.992268931e+00 6.985005076e+00 -2.002068647e-01 -2.412711020e-01 1.327671703e-01 1.104276483e-01 -1.317154326e-02 8.840556996e-03 -1.725171541e-02 9.516235871e-02
  12    3.029621333e-03 3.640506386e-03 2.775358387e-01 6.992268931e+00 6.985005076e+00 -2.002068647e-01 -2.412711020e-01 1.327671703e-01 1.104276483e-01 -1.317154326e-02 8.840556996e-03 -1.725171541e-02 9.516235871e-02       145         32      18587   3
      0 3.028373746e-03 3.640506386e-03 2.775358387e-01 6.992268931e+00 6.992268931e+00 -2.002068647e-01 -2.412711020e-01 1.327671703e-01 1.104276483e-01 -1.317154326e-02 8.840556996e-03 -1.725171541e-02 9.516235871e-02
      1 3.162891466e-01 -3.716439626e-02 1.563199023e-01 6.989004104e+00 6.812963858e+00 6.106810117e-01 2.161791338e-01 5.472990639e-02 1.095983324e-01 -2.247630117e-02 -1.533927445e-01 1.427564180e-01 2.582006800e-01
      2 3.023622159e-03 3.335969008e-03 2.766311733e-01 6.992244565e+00 6.990930732e+00 -1.941550020e-01 -2.378570344e-01 1.321847583e-01 1.104214589e-01 -1.324098703e-02 7.629768559e-03 -1.605753397e-02 9.637915522e-02
  13    3.028373746e-03 3.335969008e-03 2.766311733e-01 6.992244565e+00 6.990930732e+00 -1.941550020e-01 -2.378570344e-01 1.321847583e-01 1.104214589e-01 -1.324098703e-02 7.629768559e-03 -1.605753397e-02 9.637915522e-02       130         32      18587   3
      0 3.023754762e-03 3.335969008e-03 2.766311733e-01 6.992244565e+00 6.992244565e+00 -1.941550020e-01 -2.378570344e-01 1.321847583e-01 1.104214589e-01 -1.324098703e-02 7.629768559e-03 -1.605753397e-02 9.637915522e-02
      1 9.470696666e-01 -8.658890999e-03 2.338763455e-01 6.989530943e+00 6.899110142e+00 -1.556497891e-01 -1.188682897e+00 9.083918842e-02 1.143530290e-01 -2.026531253e-02 2.178020103e-01 -1.992031775e-01 1.619942385e-01
      2 3.012336199e-03 3.306075425e-03 2.765246198e-01 6.992237802e+00 6.992012455e+00 -1.940590393e-01 -2.402266821e-01 1.320817169e-01 1.104312571e-01 -1.325849305e-02 8.153559691e-03 -1.651396943e-02 9.654268109e-02
  14    3.023754762e-03 3.306075425e-03 2.765246198e-01 6.992237802e+00 6.992012455e+00 -1.940590393e-01 -2.402266821e-01 1.320817169e-01 1.104312571e-01 -1.325849305e-02 8.153559691e-03 -1.651396943e-02 9.654268109e-02       131         32      18587   3
      0 2.999857422e-03 3.306075425e-03 2.765246198e-01 6.992237802e+00 6.992237802e+00 -1.940590393e-01 -2.402266821e-01 1.320817169e-01 1.104312571e-01 -1.325849305e-02 8.153559691e-03 -1.651396943e-02 9.654268109e-02
      1 7.802756424e-01 -4.597613552e-02 1.444516523e-01 6.985930118e+00 6.733739015e+00 -8.727854982e-02 -1.167244815e+00 6.856558596e-02 1.225477820e-01 -3.190110383e-02 5.041869283e-02 -3.485588114e-02 2.858848830e-01
      2 2.998178366e-03 3.254209862e-03 2.763856236e-01 6.992231164e+00 6.991965753e+00 -1.939466615e-01 -2.412022941e-01 1.320148713e-01 1.104440088e-01 -1.327811290e-02 8.198040344e-03 -1.653327281e-02 9.674194853e-02
  15    2.999857422e-03 3.254209862e-03 2.763856236e-01 6.992231164e+00 6.991965753e+00 -1.939466615e-01 -2.412022941e-01 1.320148713e-01 1.104440088e-01 -1.327811290e-02 8.198040344e-03 -1.653327281e-02 9.674194853e-02       129         32      18552   3
      0 2.998448953e-03 3.254209862e-03 2.763856236e-01 6.992231164e+00 6.992231164e+00 -1.939466615e-01 -2.412022941e-01 1.320148713e-01 1.104440088e-01 -1.327811290e-02 8.198040344e-03 -1.653327281e-02 9.674194853e-02
      1 4.961126300e-02 -1.080020358e-01 -1.402664009e-02 6.979487435e+00 6.428094338e+00 4.442503180e-02 -5.386324682e-01 1.571241755e-02 1.387541770e-01 -5.229049682e-02 -3.479419394e-01 3.446141687e-01 5.047509913e-01
      2 2.993023114e-03 2.086987500e-03 2.733388222e-01 6.992097466e+00 6.986312637e+00 -1.914458331e-01 -2.443227225e-01 1.307947077e-01 1.107410192e-01 -1.368740342e-02 4.461669898e-03 -1.274436760e-02 1.010224927e-01
  16    2.998448953e-03 2.086987500e-03 2.733388222e-01 6.992097466e+00 6.986312637e+00 -1.914458331e-01 -2.443227225e-01 1.307947077e-01 1.107410192e-01 -1.368740342e-02 4.461669898e-03 -1.274436760e-02 1.010224927e-01       143         32      18552   3
      0 2.996366571e-03 2.086987500e-03 2.733388222e-01 6.992097466e+00 6.992097466e+00 -1.914458331e-01 -2.443227225e-01 1.307947077e-01 1.107410192e-01 -1.368740342e-02 4.461669898e-03 -1.274436760e-02 1.010224927e-01
      1 5.715284795e-01 1.381300447e-02 2.203341459e-01 6.987611124e+00 6.749031241e+00 -6.600692316e-01 5.494375542e-01 2.266597880e-01 1.359925302e-01 -2.956450935e-02 -1.830781514e-01 1.483493836e-01 2.317367053e-01
      2 2.994247575e-03 2.103827063e-03 2.732627029e-01 6.992091023e+00 6.991748402e+00 -1.921188164e-01 -2.431828149e-01 1.309323781e-01 1.107772825e-01 -1.371020430e-02 4.192346688e-03 -1.251302320e-02 1.012102095e-01
  17    2.996366571e-03 2.103827063e-03 2.732627029e-01 6.992091023e+00 6.991748402e+00 -1.921188164e-01 -2.431828149e-01 1.309323781e-01 1.107772825e-01 -1.371020430e-02 4.192346688e-03 -1.251302320e-02 1.012102095e-01       152         32      18552   3
      0 2.994473898e-03 2.103827063e-03 2.732627029e-01 6.992091023e+00 6.992091023e+00 -1.921188164e-01 -2.431828149e-01 1.309323781e-01 1.107772825e-01 -1.371020430e-02 4.192346688e-03 -1.251302320e-02 1.012102095e-01
      1 2.386762967e-01 3.705567118e-02 1.621053736e-01 6.982057483e+00 6.483714943e+00 -8.893663992e-01 -5.458223222e-01 2.248781432e-01 1.602216402e-01 -4.815811840e-02 1.604146193e-01 -1.681683214e-01 3.996050198e-01
      2 2.994217696e-03 2.246291638e-03 2.728096229e-01 6.992050126e+00 6.990018869e+00 -1.949608147e-01 -2.444163810e-01 1.313153033e-01 1.109788189e-01 -1.385061485e-02 4.829112507e-03 -1.314747802e-02 1.024264741e-01
  18    2.994473898e-03 2.246291638e-03 2.728096229e-01 6.992050126e+00 6.990018869e+00 -1.949608147e-01 -2.444163810e-01 1.313153033e-01 1.109788189e-01 -1.385061485e-02 4.829112507e-03 -1.314747802e-02 1.024264741e-01       137         32      18552   3
      0 2.995593465e-03 2.246291638e-03 2.728096229e-01 6.992050126e+00 6.992050126e+00 -1.949608147e-01 -2.444163810e-01 1.313153033e-01 1.109788189e-01 -1.385061485e-02 4.829112507e-03 -1.314747802e-02 1.024264741e-01
      1 7.020976966e-01 1.586077178e-03 2.096322068e-01 6.988495697e+00 6.786538406e+00 4.267088566e-02 6.464320020e-01 9.497520887e-02 1.263920350e-01 -2.580877019e-02 -2.050197609e-01 1.739283071e-01 2.539050018e-01
      2 2.992916543e-03 2.245327880e-03 2.727173988e-01 6.992044937e+00 6.991750127e+00 -1.946139283e-01 -2.431159521e-01 1.312622554e-01 1.110013186e-01 -1.386807094e-02 4.522782561e-03 -1.287439142e-02 1.026475971e-01
  19    2.995593465e-03 2.245327880e-03 2.727173988e-01 6.992044937e+00 6.991750127e+00 -1.946139283e-01 -2.431159521e-01 1.312622554e-01 1.110013186e-01 -1.386807094e-02 4.522782561e-03 -1.287439142e-02 1.026475971e-01       139         32      18552   3
      0 2.993074586e-03 2.245327880e-03 2.727173988e-01 6.992044937e+00 6.992044937e+00 -1.946139283e-01 -2.431159521e-01 1.312622554e-01 1.110013186e-01 -1.386807094e-02 4.522782561e-03 -1.287439142e-02 1.026475971e-01
      1 1.952789512e-02 2.098031017e-02 9.412781317e-02 6.978500046e+00 6.277390941e+00 2.167998052e-01 -2.197917228e-01 6.961954569e-02 1.667629139e-01 -5.894075704e-02 1.048449824e-01 -1.111491605e-01 6.109511310e-01
      2 2.994558031e-03 2.573843366e-03 2.695858535e-01 6.991807429e+00 6.979513572e+00 -1.873998418e-01 -2.427069648e-01 1.301813584e-01 1.119790909e-01 -1.465841465e-02 6.281919330e-03 -1.459762676e-02 1.115606337e-01
      3 2.989578105e-03 2.368390036e-03 2.715443195e-01 6.991955967e+00 6.987350678e+00 -1.919115259e-01 -2.429627451e-01 1.308573505e-01 1.113675929e-01 -1.416413430e-02 5.181756559e-03 -1.351991671e-02 1.059864275e-01
  20    2.993074586e-03 2.368390036e-03 2.715443195e-01 6.991955967e+00 6.987350678e+00 -1.919115259e-01 -2.429627451e-01 1.308573505e-01 1.113675929e-01 -1.416413430e-02 5.181756559e-03 -1.351991671e-02 1.059864275e-01       151         32      18552   4
      0 2.992585843e-03 2.368390036e-03 2.715443195e-01 6.991955967e+00 6.991955967e+00 -1.919115259e-01 -2.429627451e-01 1.308573505e-01 1.113675929e-01 -1.416413430e-02 5.181756559e-03 -1.351991671e-02 1.059864275e-01
      1 7.905463785e-02 5.794449008e-03 2.557782283e-01 6.983656749e+00 6.586503404e+00 -1.059811948e+00 -2.154854320e-01 2.884451221e-01 1.574733397e-01 -4.248768936e-02 -5.679976397e-02 3.770497864e-02 3.228857616e-01
      2 3.022101465e-03 2.422506356e-03 2.712952862e-01 6.991824876e+00 6.985551640e+00 -2.056204485e-01 -2.425287272e-01 1.333465284e-01 1.120958563e-01 -1.461151907e-02 4.202727348e-03 -1.271079379e-02 1.094124613e-01
      3 2.989909524e-03 2.379862922e-03 2.714915234e-01 6.991928175e+00 6.990598223e+00 -1.948178749e-01 -2.428707315e-01 1.313850667e-01 1.115219878e-01 -1.425898175e-02 4.974198264e-03 -1.334837927e-02 1.067127610e-01
  21    2.992585843e-03 2.379862922e-03 2.714915234e-01 6.991928175e+00 6.990598223e+00 -1.948178749e-01 -2.428707315e-01 1.313850667e-01 1.115219878e-01 -1.425898175e-02 4.974198264e-03 -1.334837927e-02 1.067127610e-01       164         32      18552   4
      0 2.990822800e-03 2.379862922e-03 2.714915234e-01 6.991928175e+00 6.991928175e+00 -1.948178749e-01 -2.428707315e-01 1.313850667e-01 1.115219878e-01 -1.425898175e-02 4.974198264e-03 -1.334837927e-02 1.067127610e-01
      1 2.032909665e-02 1.448412000e-03 1.610254862e-01 6.976984231e+00 6.223671995e+00 1.081450881e-01 -3.164752684e-01 8.906594302e-02 1.776199772e-01 -6.352351912e-02 4.239763916e-02 -4.794599033e-02 6.442692385e-01
      2 2.988669667e-03 2.362982226e-03 2.694895461e-01 6.991657346e+00 6.978005059e+00 -1.893272736e-01 -2.442046674e-01 1.306181167e-01 1.127198824e-01 -1.515180353e-02 5.652423719e-03 -1.397539217e-02 1.164549033e-01
  22    2.990822800e-03 2.362982226e-03 2.694895461e-01 6.991657346e+00 6.978005059e+00 -1.893272736e-01 -2.442046674e-01 1.306181167e-01 1.127198824e-01 -1.515180353e-02 5.652423719e-03 -1.397539217e-02 1.164549033e-01       128         32      18552   3
      0 2.997114817e-03 2.362982226e-03 2.694895461e-01 6.991657346e+00 6.991657346e+00 -1.893272736e-01 -2.442046674e-01 1.306181167e-01 1.127198824e-01 -1.515180353e-02 5.652423719e-03 -1.397539217e-02 1.164549033e-01
      1 5.744682906e-01 1.648540195e-03 2.811395789e-01 6.988208718e+00 6.823277713e+00 -7.162489828e-01 5.067983661e-01 7.433514582e-02 1.397719499e-01 -2.740686009e-02 -2.534538850e-01 2.148789060e-01 1.957517258e-01
      2 2.992985593e-03 2.361593346e-03 2.695121939e-01 6.991650641e+00 6.991330014e+00 -1.903516133e-01 -2.427447120e-01 1.305087022e-01 1.127724718e-01 -1.517562745e-02 5.148719174e-03 -1.353049776e-02 1.166090569e-01
  23    2.997114817e-03 2.361593346e-03 2.695121939e-01 6.991650641e+00 6.991330014e+00 -1.903516133e-01 -2.427447120e-01 1.305087022e-01 1.127724718e-01 -1.517562745e-02 5.148719174e-03 -1.353049776e-02 1.166090569e-01       133         32      18552   3
      0 2.993132460e-03 2.361593346e-03 2.695121939e-01 6.991650641e+00 6.991650641e+00 -1.903516133e-01 -2.427447120e-01 1.305087022e-01 1.127724718e-01 -1.517562745e-02 5.148719174e-03 -1.353049776e-02 1.166090569e-01
      1 2.385562183e-01 1.354637422e-02 2.996710648e-01 6.984702745e+00 6.673327577e+00 -1.067801689e+00 -5.402419507e-01 2.941475406e-02 1.602094064e-01 -3.927793210e-02 1.324101994e-02 -2.965893878e-02 2.771938388e-01
      2 2.989474298e-03 2.444399043e-03 2.697354728e-01 6.991599203e+00 6.989293960e+00 -1.968477499e-01 -2.449472108e-01 1.297602607e-01 1.131236676e-01 -1.535406708e-02 5.208629924e-03 -1.364990348e-02 1.177979345e-01
      3 2.986489231e-03 2.402911924e-03 2.696236061e-01 6.991624975e+00 6.990474699e+00 -1.935930706e-01 -2.438437200e-01 1.301352431e-01 1.129477123e-01 -1.526466567e-02 5.178613578e-03 -1.359007910e-02 1.172022858e-01
  24    2.993132460e-03 2.402911924e-03 2.696236061e-01 6.991624975e+00 6.990474699e+00 -1.935930706e-01 -2.438437200e-01 1.301352431e-01 1.129477123e-01 -1.526466567e-02 5.178613578e-03 -1.359007910e-02 1.172022858e-01       158         32      18552   4
      0 2.987223519e-03 2.402911924e-03 2.696236061e-01 6.991624975e+00 6.991624975e+00 -1.935930706e-01 -2.438437200e-01 1.301352431e-01 1.129477123e-01 -1.526466567e-02 5.178613578e-03 -1.359007910e-02 1.172022858e-01
      1 6.064870068e-01 -1.898631578e-03 2.863223155e-01 6.986439697e+00 6.719020388e+00 -5.784119977e-01 5.581411060e-01 2.208289390e-01 1.441533661e-01 -3.300811768e-02 -2.318721811e-01 1.978126301e-01 2.711473422e-01
      2 2.985592397e-03 2.397713015e-03 2.696437884e-01 6.991618708e+00 6.991295501e+00 -1.940581684e-01 -2.428744293e-01 1.302448568e-01 1.129854279e-01 -1.528611067e-02 4.892110493e-03 -1.333457467e-02 1.173883460e-01
  25    2.987223519e-03 2.397713015e-03 2.696437884e-01 6.991618708e+00 6.991295501e+00 -1.940581684e-01 -2.428744293e-01 1.302448568e-01 1.129854279e-01 -1.528611067e-02 4.892110493e-03 -1.333457467e-02 1.173883460e-01       133         32      18552   3
      0 2.985773608e-03 2.397713015e-03 2.696437884e-01 6.991618708e+00 6.991618708e+00 -1.940581684e-01 -2.428744293e-01 1.302448568e-01 1.129854279e-01 -1.528611067e-02 4.892110493e-03 -1.333457467e-02 1.173883460e-01
      1 1.346597480e-01 5.826167268e-03 3.062161050e-01 6.979404057e+00 6.384644006e+00 -8.372292789e-01 -4.904814966e-01 2.441786248e-01 1.794199146e-01 -5.617739075e-02 5.122939364e-02 -5.913251645e-02 4.804224368e-01
      2 2.987978647e-03 2.420835507e-03 2.698904428e-01 6.991536329e+00 6.987525094e+00 -1.983959012e-01 -2.445443633e-01 1.310132593e-01 1.134334814e-01 -1.556189334e-02 5.204622595e-03 -1.364344929e-02 1.198367534e-01
      3 2.984407314e-03 2.406855670e-03 2.697413158e-01 6.991586135e+00 6.990000089e+00 -1.957733121e-01 -2.435347228e-01 1.305486839e-01 1.131625887e-01 -1.539515540e-02 5.015678075e-03 -1.345670399e-02 1.183564487e-01
  26    2.985773608e-03 2.406855670e-03 2.697413158e-01 6.991586135e+00 6.990000089e+00 -1.957733121e-01 -2.435347228e-01 1.305486839e-01 1.131625887e-01 -1.539515540e-02 5.015678075e-03 -1.345670399e-02 1.183564487e-01       168         32      18552   4
      0 2.985497075e-03 2.406855670e-03 2.697413158e-01 6.991586135e+00 6.991586135e+00 -1.957733121e-01 -2.435347228e-01 1.305486839e-01 1.131625887e-01 -1.539515540e-02 5.015678075e-03 -1.345670399e-02 1.183564487e-01
      1 6.262673310e-01 -4.729172098e-03 2.620524740e-01 6.984026343e+00 6.583865072e+00 -8.206920064e-02 5.714374878e-01 1.611336310e-01 1.509866309e-01 -4.058660452e-02 -2.020256950e-01 1.731808293e-01 3.936519420e-01
      2 2.984712465e-03 2.400915890e-03 2.697349159e-01 6.991579842e+00 6.991246762e+00 -1.956786688e-01 -2.428563684e-01 1.305741417e-01 1.131940721e-01 -1.541612388e-02 4.843344064e-03 -1.330135342e-02 1.185855950e-01
  27    2.985497075e-03 2.400915890e-03 2.697349159e-01 6.991579842e+00 6.991246762e+00 -1.956786688e-01 -2.428563684e-01 1.305741417e-01 1.131940721e-01 -1.541612388e-02 4.843344064e-03 -1.330135342e-02 1.185855950e-01       127         32      18552   3
      0 2.984921480e-03 2.400915890e-03 2.697349159e-01 6.991579842e+00 6.991579842e+00 -1.956786688e-01 -2.428563684e-01 1.305741417e-01 1.131940721e-01 -1.541612388e-02 4.843344064e-03 -1.330135342e-02 1.185855950e-01
      1 8.670367416e-02 1.030703738e-03 2.739640814e-01 6.976059510e+00 6.196952088e+00 -1.405413387e-01 -4.758446848e-01 2.050152584e-01 1.874334275e-01 -6.643724527e-02 9.784022074e-02 -9.727236932e-02 6.492707562e-01
      2 2.982633492e-03 2.393875371e-03 2.697566465e-01 6.991500095e+00 6.987496831e+00 -1.953953583e-01 -2.440535251e-01 1.309566403e-01 1.135755339e-01 -1.567828415e-02 5.321187074e-03 -1.373281913e-02 1.213123984e-01
  28    2.984921480e-03 2.393875371e-03 2.697566465e-01 6.991500095e+00 6.987496831e+00 -1.953953583e-01 -2.440535251e-01 1.309566403e-01 1.135755339e-01 -1.567828415e-02 5.321187074e-03 -1.373281913e-02 1.213123984e-01       128         32      18552   3