***************    Sun Dec 20 15:53:18 2020     *************** 

  parameters for computational domain and elasticity
     L1    L2      a1         a2        a3         a4    
    7.000 7.000 11.562724 -17.437087 10.062913 -9.375448

  parameters for the twin structure
    theta_t theta_r   phi    alpha 
    0.50000 0.50000 0.78540 1.57080
          G_tl               G_tr               G_rt               G_rb      
    [[1.000, -0.000],   [[1.000, 0.000],   [[1.000, -0.100],   [[1.000, 0.100],
     [0.100, 1.000]]    [-0.100, 1.000]]    [0.000, 1.000]]    [0.000, 1.000]]

  starting parameters for shape optimization
        Delta_t         Delta_r           Lt              Lr              pt              pr              c1              c2              c3              c4              tlb             tbl      
    0.000000000e+00 0.000000000e+00 7.000000000e+00 7.000000000e+00 0.000000000e+00 0.000000000e+00 0.000000000e+00 0.000000000e+00 0.000000000e+00 0.000000000e+00 0.000000000e+00 0.000000000e+00 

  results of shape optimization and details
             E_end          Delta_t         Delta_r           Lt              Lr              pt              pr              c1              c2              c3              c4              tlb             tbl          time       res       verts    it 
      0 7.128809428e-02 0.000000000e+00 0.000000000e+00 7.000000000e+00 7.000000000e+00 0.000000000e+00 0.000000000e+00 0.000000000e+00 0.000000000e+00 0.000000000e+00 0.000000000e+00 0.000000000e+00 0.000000000e+00
      1 6.403253394e-01 2.083015690e-02 3.956590866e-02 6.980644500e+00 7.001135824e+00 -8.965235611e-02 -9.306574778e-01 -1.110605101e-03 3.529495028e-03 -6.016852340e-04 2.569762408e-01 -2.395546212e-01 -5.155036492e-03
      2 1.418618427e-02 3.827288072e-03 7.269754664e-03 6.996443662e+00 7.000208694e+00 -1.647253042e-02 -1.709969963e-01 -2.040601842e-04 6.485017988e-04 -1.105523463e-04 4.721625986e-02 -4.401524908e-02 -9.471752790e-04
   0    1.232970559e-02 3.827288072e-03 7.269754664e-03 6.996443662e+00 6.996443662e+00 -1.647253042e-02 -1.709969963e-01 -2.040601842e-04 6.485017988e-04 -1.105523463e-04 4.721625986e-02 -4.401524908e-02 -9.471752790e-04       102         32      18587   3
      0 1.232755772e-02 3.827288072e-03 7.269754664e-03 6.996443662e+00 6.996443662e+00 -1.647253042e-02 -1.709969963e-01 -2.040601842e-04 6.485017988e-04 -1.105523463e-04 4.721625986e-02 -4.401524908e-02 -9.471752790e-04
      1 8.931085521e-01 3.426151607e-02 1.456878544e-01 6.991613206e+00 6.999251195e+00 -2.437511670e-01 -1.100813203e+00 1.152055872e-03 1.924429974e-02 -1.561276472e-03 2.250142250e-01 -2.210719583e-01 -1.987527349e-02
      2 8.872941031e-03 5.161007170e-03 1.333565071e-02 6.996231977e+00 6.996566697e+00 -2.643256154e-02 -2.117443297e-01 -1.446311136e-04 1.463425405e-03 -1.741274260e-04 5.500789964e-02 -5.177440481e-02 -1.776661280e-03
   1    8.772967784e-03 5.161007170e-03 1.333565071e-02 6.996231977e+00 6.996231977e+00 -2.643256154e-02 -2.117443297e-01 -1.446311136e-04 1.463425405e-03 -1.741274260e-04 5.500789964e-02 -5.177440481e-02 -1.776661280e-03       100         32      18587   3
      0 8.767880243e-03 5.161007170e-03 1.333565071e-02 6.996231977e+00 6.996231977e+00 -2.643256154e-02 -2.117443297e-01 -1.446311136e-04 1.463425405e-03 -1.741274260e-04 5.500789964e-02 -5.177440481e-02 -1.776661280e-03
      1 5.385381647e-01 2.699819754e-02 4.031274972e-01 6.993028473e+00 7.002491177e+00 -6.569794574e-01 -8.736028487e-01 1.001584770e-02 5.917571077e-02 -3.416194947e-03 -1.245234882e-02 -1.858481089e-02 -5.462586106e-02
      2 7.827336933e-03 5.968203440e-03 2.774403014e-02 6.996113562e+00 6.996463344e+00 -4.974028079e-02 -2.362094609e-01 2.309437867e-04 3.596719144e-03 -2.939681549e-04 5.251427936e-02 -5.054757498e-02 -3.730194505e-03
   2    7.827824780e-03 5.968203440e-03 2.774403014e-02 6.996113562e+00 6.996113562e+00 -4.974028079e-02 -2.362094609e-01 2.309437867e-04 3.596719144e-03 -2.939681549e-04 5.251427936e-02 -5.054757498e-02 -3.730194505e-03       135         32      18587   3
      0 7.827824780e-03 5.968203440e-03 2.774403014e-02 6.996113562e+00 6.996113562e+00 -4.974028079e-02 -2.362094609e-01 2.309437867e-04 3.596719144e-03 -2.939681549e-04 5.251427936e-02 -5.054757498e-02 -3.730194505e-03
      1 4.171904081e-01 -1.116875695e-02 4.013533246e-01 6.993231592e+00 6.999984922e+00 -6.448652033e-01 2.723773750e-01 1.638707135e-02 6.293328039e-02 -2.828212666e-03 -3.184540533e-01 2.711347274e-01 -5.251139545e-02
      2 7.056127666e-03 5.443847891e-03 3.917570194e-02 6.996025380e+00 6.996232018e+00 -6.794987272e-02 -2.206477554e-01 7.252878797e-04 5.412295212e-03 -3.715107962e-04 4.116341553e-02 -4.070476176e-02 -5.222798376e-03
   3    7.047827750e-03 5.443847891e-03 3.917570194e-02 6.996025380e+00 6.996025380e+00 -6.794987272e-02 -2.206477554e-01 7.252878797e-04 5.412295212e-03 -3.715107962e-04 4.116341553e-02 -4.070476176e-02 -5.222798376e-03       113         32      18552   3
      0 7.047827750e-03 5.443847891e-03 3.917570194e-02 6.996025380e+00 6.996025380e+00 -6.794987272e-02 -2.206477554e-01 7.252878797e-04 5.412295212e-03 -3.715107962e-04 4.116341553e-02 -4.070476176e-02 -5.222798376e-03
      1 4.902033880e-01 1.974280151e-02 4.655955334e-01 6.993581224e+00 7.001183009e+00 -7.296237116e-01 -8.272602033e-01 1.715591729e-02 7.178516569e-02 -3.903344762e-03 -1.836991069e-02 -8.719975470e-03 -5.891749519e-02
      2 6.312383436e-03 5.930944762e-03 5.370178345e-02 6.995942119e+00 6.996201075e+00 -9.048993162e-02 -2.413121364e-01 1.285000737e-03 7.673301046e-03 -4.918234653e-04 3.913540021e-02 -3.961519327e-02 -7.051919549e-03
   4    6.317049662e-03 5.930944762e-03 5.370178345e-02 6.995942119e+00 6.995942119e+00 -9.048993162e-02 -2.413121364e-01 1.285000737e-03 7.673301046e-03 -4.918234653e-04 3.913540021e-02 -3.961519327e-02 -7.051919549e-03       109         32      18587   3
      0 6.307654878e-03 5.930944762e-03 5.370178345e-02 6.995942119e+00 6.995942119e+00 -9.048993162e-02 -2.413121364e-01 1.285000737e-03 7.673301046e-03 -4.918234653e-04 3.913540021e-02 -3.961519327e-02 -7.051919549e-03
      1 4.484054922e-01 -1.116073022e-02 4.367014426e-01 6.993751578e+00 6.997646388e+00 -6.593762409e-01 3.159004707e-01 2.411444512e-02 7.074777865e-02 -3.056226236e-03 -3.075560021e-01 2.640521840e-01 -5.153738249e-02
      2 5.764479135e-03 5.505861255e-03 6.322728861e-02 6.995887638e+00 6.995984505e+00 -1.046385851e-01 -2.274538171e-01 1.852787118e-03 9.242013310e-03 -5.556021953e-04 3.051291018e-02 -3.206274484e-02 -8.158308281e-03
   5    5.759498471e-03 5.505861255e-03 6.322728861e-02 6.995887638e+00 6.995887638e+00 -1.046385851e-01 -2.274538171e-01 1.852787118e-03 9.242013310e-03 -5.556021953e-04 3.051291018e-02 -3.206274484e-02 -8.158308281e-03       111         32      18552   3
      0 5.766607946e-03 5.505861255e-03 6.322728861e-02 6.995887638e+00 6.995887638e+00 -1.046385851e-01 -2.274538171e-01 1.852787118e-03 9.242013310e-03 -5.556021953e-04 3.051291018e-02 -3.206274484e-02 -8.158308281e-03
      1 4.438516589e-01 1.272037344e-02 5.359791148e-01 6.993931325e+00 6.997911725e+00 -7.791142549e-01 -7.831912570e-01 2.781995685e-02 8.543656143e-02 -4.468184272e-03 -2.054255276e-02 -2.634509257e-03 -6.027657434e-02
      2 5.369498881e-03 5.635185317e-03 7.170162274e-02 6.995852570e+00 6.995923921e+00 -1.167289291e-01 -2.374157136e-01 2.318262787e-03 1.060784211e-02 -6.257373613e-04 2.959771318e-02 -3.153522768e-02 -9.092556603e-03
   6    5.359033716e-03 5.635185317e-03 7.170162274e-02 6.995852570e+00 6.995852570e+00 -1.167289291e-01 -2.374157136e-01 2.318262787e-03 1.060784211e-02 -6.257373613e-04 2.959771318e-02 -3.153522768e-02 -9.092556603e-03       144         32      18552   3
      0 5.367850730e-03 5.635185317e-03 7.170162274e-02 6.995852570e+00 6.995852570e+00 -1.167289291e-01 -2.374157136e-01 2.318262787e-03 1.060784211e-02 -6.257373613e-04 2.959771318e-02 -3.153522768e-02 -9.092556603e-03
      1 1.296441652e-01 -4.537965862e-03 6.107376442e-01 6.994003072e+00 6.994785050e+00 -8.491730190e-01 -5.847800301e-02 3.958537477e-02 9.997017726e-02 -4.644725755e-03 -2.427257273e-01 2.014149884e-01 -6.407063356e-02
      2 4.453391332e-03 4.852420669e-03 1.131773007e-01 6.995710262e+00 6.995770431e+00 -1.730862298e-01 -2.236475004e-01 5.185749694e-03 1.748375259e-02 -9.349750775e-04 8.644012761e-03 -1.361106724e-02 -1.332279897e-02
   7    4.444034616e-03 4.852420669e-03 1.131773007e-01 6.995710262e+00 6.995710262e+00 -1.730862298e-01 -2.236475004e-01 5.185749694e-03 1.748375259e-02 -9.349750775e-04 8.644012761e-03 -1.361106724e-02 -1.332279897e-02       126         32      18552   3
      0 4.444034616e-03 4.852420669e-03 1.131773007e-01 6.995710262e+00 6.995710262e+00 -1.730862298e-01 -2.236475004e-01 5.185749694e-03 1.748375259e-02 -9.349750775e-04 8.644012761e-03 -1.361106724e-02 -1.332279897e-02
      1 9.657440374e-01 9.536115590e-03 3.433490099e-01 6.993720783e+00 6.990372401e+00 -3.474624445e-01 -1.135885737e+00 2.828129507e-02 5.605981792e-02 -3.316654447e-03 2.198395443e-01 -2.077089035e-01 -2.205316497e-02
      2 4.024659269e-03 4.921781016e-03 1.165858894e-01 6.995680800e+00 6.995631215e+00 -1.756685489e-01 -2.371567409e-01 5.527769206e-03 1.805502150e-02 -9.702451177e-04 1.177158526e-02 -1.648544176e-02 -1.345208604e-02
   8    4.025958085e-03 4.921781016e-03 1.165858894e-01 6.995680800e+00 6.995680800e+00 -1.756685489e-01 -2.371567409e-01 5.527769206e-03 1.805502150e-02 -9.702451177e-04 1.177158526e-02 -1.648544176e-02 -1.345208604e-02       124         32      18587   3
      0 4.018518525e-03 4.921781016e-03 1.165858894e-01 6.995680800e+00 6.995680800e+00 -1.756685489e-01 -2.371567409e-01 5.527769206e-03 1.805502150e-02 -9.702451177e-04 1.177158526e-02 -1.648544176e-02 -1.345208604e-02
      1 5.742952160e-01 -1.360298098e-03 7.464296630e-01 6.994067268e+00 6.973928171e+00 -5.782483987e-01 -8.813815708e-01 8.405130529e-02 1.277773954e-01 -6.351773009e-03 7.090939106e-02 -7.686526197e-02 -3.101626551e-02
      2 3.911742299e-03 4.849627144e-03 1.238200656e-01 6.995662268e+00 6.995430957e+00 -1.802924473e-01 -2.445560932e-01 6.429664440e-03 1.931525622e-02 -1.032055558e-03 1.245082244e-02 -1.717894431e-02 -1.365382237e-02
   9    3.920964858e-03 4.849627144e-03 1.238200656e-01 6.995662268e+00 6.995662268e+00 -1.802924473e-01 -2.445560932e-01 6.429664440e-03 1.931525622e-02 -1.032055558e-03 1.245082244e-02 -1.717894431e-02 -1.365382237e-02       120         32      18587   3
      0 3.911522770e-03 4.849627144e-03 1.238200656e-01 6.995662268e+00 6.995662268e+00 -1.802924473e-01 -2.445560932e-01 6.429664440e-03 1.931525622e-02 -1.032055558e-03 1.245082244e-02 -1.717894431e-02 -1.365382237e-02
      1 3.565387783e-01 -1.526347493e-02 8.293339455e-01 6.994190133e+00 6.962505590e+00 -5.237624524e-01 2.431259640e-01 1.106940916e-01 1.460803232e-01 -6.342737797e-03 -2.452651070e-01 2.096934316e-01 -2.267774016e-02
      2 3.819322285e-03 4.626537770e-03 1.316454448e-01 6.995645939e+00 6.995294502e+00 -1.841021286e-01 -2.391468488e-01 7.586138747e-03 2.072130186e-02 -1.090960285e-03 9.592303394e-03 -1.466253405e-02 -1.375391335e-02
  10    3.825322283e-03 4.626537770e-03 1.316454448e-01 6.995645939e+00 6.995645939e+00 -1.841021286e-01 -2.391468488e-01 7.586138747e-03 2.072130186e-02 -1.090960285e-03 9.592303394e-03 -1.466253405e-02 -1.375391335e-02       138         32      18587   3
      0 3.817634039e-03 4.626537770e-03 1.316454448e-01 6.995645939e+00 6.995645939e+00 -1.841021286e-01 -2.391468488e-01 7.586138747e-03 2.072130186e-02 -1.090960285e-03 9.592303394e-03 -1.466253405e-02 -1.375391335e-02
      1 4.839672799e-01 -5.308635236e-03 8.536539208e-01 6.993895740e+00 6.959262835e+00 -4.835003028e-01 -8.322078424e-01 1.159616590e-01 1.502337097e-01 -7.416219622e-03 6.995524994e-02 -7.558270687e-02 -1.574681708e-02
      2 3.741184248e-03 4.516540196e-03 1.396391839e-01 6.995626562e+00 6.995243123e+00 -1.874169247e-01 -2.457129418e-01 8.786021660e-03 2.215520247e-02 -1.160990588e-03 1.026061362e-02 -1.533701362e-02 -1.377597785e-02
  11    3.741198635e-03 4.516540196e-03 1.396391839e-01 6.995626562e+00 6.995626562e+00 -1.874169247e-01 -2.457129418e-01 8.786021660e-03 2.215520247e-02 -1.160990588e-03 1.026061362e-02 -1.533701362e-02 -1.377597785e-02       135         32      18552   3
      0 3.750818503e-03 4.516540196e-03 1.396391839e-01 6.995626562e+00 6.995626562e+00 -1.874169247e-01 -2.457129418e-01 8.786021660e-03 2.215520247e-02 -1.160990588e-03 1.026061362e-02 -1.533701362e-02 -1.377597785e-02
      1 4.744333078e-01 -1.487664815e-02 7.956787191e-01 6.994230556e+00 6.950865076e+00 -3.521741563e-01 3.866706954e-01 1.238706044e-01 1.438975524e-01 -6.298611050e-03 -2.406092347e-01 2.061781017e-01 -4.842905071e-03
      2 3.690800873e-03 4.354578581e-03 1.451180779e-01 6.995614903e+00 6.995252738e+00 -1.887928896e-01 -2.404316094e-01 9.747147008e-03 2.317192996e-02 -1.203897268e-03 8.165481805e-03 -1.348703696e-02 -1.370137356e-02
  12    3.681335873e-03 4.354578581e-03 1.451180779e-01 6.995614903e+00 6.995614903e+00 -1.887928896e-01 -2.404316094e-01 9.747147008e-03 2.317192996e-02 -1.203897268e-03 8.165481805e-03 -1.348703696e-02 -1.370137356e-02       125         32      18552   3
      0 3.689229498e-03 4.354578581e-03 1.451180779e-01 6.995614903e+00 6.995614903e+00 -1.887928896e-01 -2.404316094e-01 9.747147008e-03 2.317192996e-02 -1.203897268e-03 8.165481805e-03 -1.348703696e-02 -1.370137356e-02
      1 3.680181969e-01 -7.852380335e-03 9.492915756e-01 6.993669899e+00 6.940631777e+00 -3.846059131e-01 -7.525141776e-01 1.492205159e-01 1.714765397e-01 -8.565829687e-03 7.051552721e-02 -7.639717533e-02 8.334783769e-04
      2 3.626691789e-03 4.153443059e-03 1.583685407e-01 6.995582855e+00 6.994708940e+00 -1.920193242e-01 -2.488692550e-01 1.204526638e-02 2.561556274e-02 -1.325200708e-03 9.192830955e-03 -1.452361483e-02 -1.346188107e-02
  13    3.615896544e-03 4.153443059e-03 1.583685407e-01 6.995582855e+00 6.995582855e+00 -1.920193242e-01 -2.488692550e-01 1.204526638e-02 2.561556274e-02 -1.325200708e-03 9.192830955e-03 -1.452361483e-02 -1.346188107e-02       172         32      18552   3
      0 3.626506107e-03 4.153443059e-03 1.583685407e-01 6.995582855e+00 6.995582855e+00 -1.920193242e-01 -2.488692550e-01 1.204526638e-02 2.561556274e-02 -1.325200708e-03 9.192830955e-03 -1.452361483e-02 -1.346188107e-02
      1 6.726464707e-01 -1.116083393e-02 5.624461237e-01 6.994476968e+00 6.956950157e+00 -1.870786185e-01 5.876724244e-01 9.918118559e-02 1.044139400e-01 -4.504047063e-03 -2.503883015e-01 2.170486062e-01 5.157028953e-03
      2 3.555635438e-03 4.034817733e-03 1.614985504e-01 6.995574289e+00 6.995283604e+00 -1.919810532e-01 -2.423893520e-01 1.272022654e-02 2.622593979e-02 -1.349824246e-03 7.182099628e-03 -1.272984224e-02 -1.331765786e-02
  14    3.553288264e-03 4.034817733e-03 1.614985504e-01 6.995574289e+00 6.995574289e+00 -1.919810532e-01 -2.423893520e-01 1.272022654e-02 2.622593979e-02 -1.349824246e-03 7.182099628e-03 -1.272984224e-02 -1.331765786e-02       252         32      18587   3
      0 3.553288264e-03 4.034817733e-03 1.614985504e-01 6.995574289e+00 6.995574289e+00 -1.919810532e-01 -2.423893520e-01 1.272022654e-02 2.622593979e-02 -1.349824246e-03 7.182099628e-03 -1.272984224e-02 -1.331765786e-02
      1 5.436793770e-02 -1.340985827e-02 1.102427174e+00 6.993320735e+00 6.910902314e+00 -2.504542723e-01 -4.213079280e-01 2.059002973e-01 2.067563774e-01 -1.043427387e-02 -1.828921973e-03 -1.184566241e-02 2.753973827e-02
      2 3.363080599e-03 3.224277275e-03 2.052173742e-01 6.995469581e+00 6.991640134e+00 -1.946979228e-01 -2.507025328e-01 2.169604604e-02 3.461401324e-02 -1.771919444e-03 6.763416153e-03 -1.268876016e-02 -1.141928081e-02
  15    3.364758639e-03 3.224277275e-03 2.052173742e-01 6.995469581e+00 6.995469581e+00 -1.946979228e-01 -2.507025328e-01 2.169604604e-02 3.461401324e-02 -1.771919444e-03 6.763416153e-03 -1.268876016e-02 -1.141928081e-02       255         32      18587   3
      0 3.364758639e-03 3.224277275e-03 2.052173742e-01 6.995469581e+00 6.995469581e+00 -1.946979228e-01 -2.507025328e-01 2.169604604e-02 3.461401324e-02 -1.771919444e-03 6.763416153e-03 -1.268876016e-02 -1.141928081e-02
      1 7.225491110e-01 -7.228270811e-03 4.194106083e-01 6.994499716e+00 6.953945591e+00 -8.547098606e-02 6.588741137e-01 9.719358126e-02 8.488916171e-02 -4.139462361e-03 -2.334087945e-01 2.023705451e-01 1.791247135e-02
      2 3.290717407e-03 3.146622296e-03 2.068086772e-01 6.995462375e+00 6.995161087e+00 -1.938864445e-01 -2.439450268e-01 2.225693889e-02 3.498752174e-02 -1.789508599e-03 4.979107871e-03 -1.109102286e-02 -1.120136680e-02
  16    3.279859102e-03 3.146622296e-03 2.068086772e-01 6.995462375e+00 6.995462375e+00 -1.938864445e-01 -2.439450268e-01 2.225693889e-02 3.498752174e-02 -1.789508599e-03 4.979107871e-03 -1.109102286e-02 -1.120136680e-02       253         32      18552   3
      0 3.288605678e-03 3.146622296e-03 2.068086772e-01 6.995462375e+00 6.995462375e+00 -1.938864445e-01 -2.439450268e-01 2.225693889e-02 3.498752174e-02 -1.789508599e-03 4.979107871e-03 -1.109102286e-02 -1.120136680e-02
      1 7.010365391e-02 -1.153861315e-02 1.073039324e+00 6.992453900e+00 6.842416879e+00 4.234241892e-02 -4.721722797e-02 3.070672741e-01 2.321837535e-01 -1.401762630e-02 -9.370829837e-03 -5.772072502e-03 9.417373793e-02
      2 3.219919185e-03 2.695818515e-03 2.334000146e-01 6.995370022e+00 6.990764222e+00 -1.866347484e-01 -2.379059248e-01 3.099997718e-02 4.104100363e-02 -2.164884378e-03 4.538596979e-03 -1.092774302e-02 -7.966587506e-03
  17    3.221627881e-03 2.695818515e-03 2.334000146e-01 6.995370022e+00 6.995370022e+00 -1.866347484e-01 -2.379059248e-01 3.099997718e-02 4.104100363e-02 -2.164884378e-03 4.538596979e-03 -1.092774302e-02 -7.966587506e-03       260         32      18587   3
      0 3.214678661e-03 2.695818515e-03 2.334000146e-01 6.995370022e+00 6.995370022e+00 -1.866347484e-01 -2.379059248e-01 3.099997718e-02 4.104100363e-02 -2.164884378e-03 4.538596979e-03 -1.092774302e-02 -7.966587506e-03
      1 9.866215972e-01 6.926111332e-03 4.274163595e-01 6.993598567e+00 6.951609196e+00 -3.272628976e-01 -1.145407612e+00 1.131704061e-01 9.369676254e-02 -7.103008172e-03 2.464600208e-01 -2.312760533e-01 1.342685507e-02
      2 3.176104232e-03 2.714825692e-03 2.342717517e-01 6.995362063e+00 6.995173400e+00 -1.872666064e-01 -2.419834310e-01 3.136917808e-02 4.127759182e-02 -2.187071918e-03 5.625576899e-03 -1.191779254e-02 -7.870464385e-03
  18    3.183815684e-03 2.714825692e-03 2.342717517e-01 6.995362063e+00 6.995362063e+00 -1.872666064e-01 -2.419834310e-01 3.136917808e-02 4.127759182e-02 -2.187071918e-03 5.625576899e-03 -1.191779254e-02 -7.870464385e-03       258         32      18587   3
      0 3.183815684e-03 2.714825692e-03 2.342717517e-01 6.995362063e+00 6.995362063e+00 -1.872666064e-01 -2.419834310e-01 3.136917808e-02 4.127759182e-02 -2.187071918e-03 5.625576899e-03 -1.191779254e-02 -7.870464385e-03
      1 5.703326264e-01 -1.609966519e-03 8.260885505e-01 6.991729101e+00 6.841698341e+00 -5.098989327e-01 -8.477232538e-01 3.034151709e-01 2.091718976e-01 -1.632707283e-02 1.637085365e-01 -1.599640304e-01 6.822627420e-02
      2 3.175832429e-03 2.701253202e-03 2.361290496e-01 6.995350661e+00 6.994879820e+00 -1.882791230e-01 -2.438844236e-01 3.222293969e-02 4.180449432e-02 -2.231447466e-03 6.121688463e-03 -1.238240587e-02 -7.631650080e-03
  19    3.167313879e-03 2.701253202e-03 2.361290496e-01 6.995350661e+00 6.995350661e+00 -1.882791230e-01 -2.438844236e-01 3.222293969e-02 4.180449432e-02 -2.231447466e-03 6.121688463e-03 -1.238240587e-02 -7.631650080e-03       264         32      18552   3
      0 3.176113992e-03 2.701253202e-03 2.361290496e-01 6.995350661e+00 6.995350661e+00 -1.882791230e-01 -2.438844236e-01 3.222293969e-02 4.180449432e-02 -2.231447466e-03 6.121688463e-03 -1.238240587e-02 -7.631650080e-03
      1 3.433238810e-01 -1.339168003e-02 8.920336908e-01 6.991562973e+00 6.807117526e+00 -4.160700545e-01 2.932652466e-01 3.564265133e-01 2.353904392e-01 -1.776665652e-02 -1.456995515e-01 1.201684976e-01 9.346896328e-02
      2 3.168283204e-03 2.641021588e-03 2.385839281e-01 6.995336485e+00 6.994646154e+00 -1.891316845e-01 -2.418740137e-01 3.343634836e-02 4.252903557e-02 -2.289591666e-03 5.553461512e-03 -1.188630272e-02 -7.253257088e-03
  20    3.160429003e-03 2.641021588e-03 2.385839281e-01 6.995336485e+00 6.995336485e+00 -1.891316845e-01 -2.418740137e-01 3.343634836e-02 4.252903557e-02 -2.289591666e-03 5.553461512e-03 -1.188630272e-02 -7.253257088e-03       270         32      18552   3
      0 3.168539405e-03 2.641021588e-03 2.385839281e-01 6.995336485e+00 6.995336485e+00 -1.891316845e-01 -2.418740137e-01 3.343634836e-02 4.252903557e-02 -2.289591666e-03 5.553461512e-03 -1.188630272e-02 -7.253257088e-03
      1 6.357181351e-01 -2.749694879e-03 8.016163504e-01 6.991451780e+00 6.826450826e+00 -3.503538073e-01 -9.070421507e-01 3.188145516e-01 2.110917239e-01 -1.699236237e-02 1.954968629e-01 -1.866531414e-01 8.915492559e-02
      2 3.162699592e-03 2.628508285e-03 2.398908778e-01 6.995327468e+00 6.994944456e+00 -1.895059245e-01 -2.434180479e-01 3.409878794e-02 4.292031492e-02 -2.323720752e-03 5.994371247e-03 -1.229198357e-02 -7.029467760e-03
  21    3.162945288e-03 2.628508285e-03 2.398908778e-01 6.995327468e+00 6.995327468e+00 -1.895059245e-01 -2.434180479e-01 3.409878794e-02 4.292031492e-02 -2.323720752e-03 5.994371247e-03 -1.229198357e-02 -7.029467760e-03       320         32      18587   3
      0 3.162945288e-03 2.628508285e-03 2.398908778e-01 6.995327468e+00 6.995327468e+00 -1.895059245e-01 -2.434180479e-01 3.409878794e-02 4.292031492e-02 -2.323720752e-03 5.994371247e-03 -1.229198357e-02 -7.029467760e-03
      1 1.583214971e-01 -1.524767553e-02 9.859940437e-01 6.990488901e+00 6.754693917e+00 -3.140776672e-01 1.076367261e-01 4.336532961e-01 2.740352930e-01 -2.170378266e-02 -8.022325897e-02 6.214380510e-02 1.340992877e-01
      2 3.151361858e-03 2.479552685e-03 2.461078784e-01 6.995287150e+00 6.993322358e+00 -1.905439345e-01 -2.404928389e-01 3.742812724e-02 4.484611018e-02 -2.485207609e-03 5.275951761e-03 -1.167173779e-02 -5.853494265e-03
  22    3.152356611e-03 2.479552685e-03 2.461078784e-01 6.995287150e+00 6.995287150e+00 -1.905439345e-01 -2.404928389e-01 3.742812724e-02 4.484611018e-02 -2.485207609e-03 5.275951761e-03 -1.167173779e-02 -5.853494265e-03       270         32      18587   3
      0 3.144722714e-03 2.479552685e-03 2.461078784e-01 6.995287150e+00 6.995287150e+00 -1.905439345e-01 -2.404928389e-01 3.742812724e-02 4.484611018e-02 -2.485207609e-03 5.275951761e-03 -1.167173779e-02 -5.853494265e-03
      1 8.938232079e-01 2.272011487e-03 5.181421303e-01 6.992656744e+00 6.896578487e+00 -2.104308339e-01 -1.118785974e+00 2.001268188e-01 1.354642239e-01 -1.129799856e-02 2.462878238e-01 -2.292497320e-01 5.945810493e-02
      2 3.134823233e-03 2.479065189e-03 2.467468630e-01 6.995280971e+00 6.995055292e+00 -1.905906471e-01 -2.425558725e-01 3.781029220e-02 4.505896419e-02 -2.505908082e-03 5.842067523e-03 -1.218280943e-02 -5.700083044e-03
  23    3.143191418e-03 2.479065189e-03 2.467468630e-01 6.995280971e+00 6.995280971e+00 -1.905906471e-01 -2.425558725e-01 3.781029220e-02 4.505896419e-02 -2.505908082e-03 5.842067523e-03 -1.218280943e-02 -5.700083044e-03       321         32      18587   3
      0 3.143191418e-03 2.479065189e-03 2.467468630e-01 6.995280971e+00 6.995280971e+00 -1.905906471e-01 -2.425558725e-01 3.781029220e-02 4.505896419e-02 -2.505908082e-03 5.842067523e-03 -1.218280943e-02 -5.700083044e-03
      1 1.556351278e-01 -1.173634481e-02 9.605205645e-01 6.989342495e+00 6.709077405e+00 -1.693773314e-01 -5.423355227e-01 4.858659237e-01 2.919029913e-01 -2.518845040e-02 1.181166567e-01 -1.139963517e-01 1.756491219e-01
      2 3.133303322e-03 2.369176316e-03 2.522645222e-01 6.995235065e+00 6.993068542e+00 -1.904266626e-01 -2.448732483e-01 4.127388055e-02 4.696713370e-02 -2.681250124e-03 6.709979743e-03 -1.296985499e-02 -4.298205803e-03
  24    3.134814020e-03 2.369176316e-03 2.522645222e-01 6.995235065e+00 6.995235065e+00 -1.904266626e-01 -2.448732483e-01 4.127388055e-02 4.696713370e-02 -2.681250124e-03 6.709979743e-03 -1.296985499e-02 -4.298205803e-03       297         32      18587   3
      0 3.125671837e-03 2.369176316e-03 2.522645222e-01 6.995235065e+00 6.995235065e+00 -1.904266626e-01 -2.448732483e-01 4.127388055e-02 4.696713370e-02 -2.681250124e-03 6.709979743e-03 -1.296985499e-02 -4.298205803e-03
      1 6.901639517e-01 -1.234997698e-02 5.128851705e-01 6.992754882e+00 6.865226169e+00 -1.453773195e-01 6.163522641e-01 2.439955270e-01 1.526072559e-01 -1.213812828e-02 -2.403195692e-01 2.115260905e-01 8.198952162e-02
      2 3.118831699e-03 2.335121037e-03 2.528675126e-01 6.995229327e+00 6.994934267e+00 -1.903224332e-01 -2.428806558e-01 4.174291175e-02 4.721155019e-02 -2.703130229e-03 6.138434629e-03 -1.245044522e-02 -4.098564387e-03
  25    3.127231294e-03 2.335121037e-03 2.528675126e-01 6.995229327e+00 6.995229327e+00 -1.903224332e-01 -2.428806558e-01 4.174291175e-02 4.721155019e-02 -2.703130229e-03 6.138434629e-03 -1.245044522e-02 -4.098564387e-03       286         32      18587   3
      0 3.118791468e-03 2.335121037e-03 2.528675126e-01 6.995229327e+00 6.995229327e+00 -1.903224332e-01 -2.428806558e-01 4.174291175e-02 4.721155019e-02 -2.703130229e-03 6.138434629e-03 -1.245044522e-02 -4.098564387e-03
      1 1.776864248e-02 -1.705209929e-02 9.450590110e-01 6.988187487e+00 6.657496350e+00 -1.770726242e-01 -2.808805401e-01 5.685267295e-01 3.241017408e-01 -2.953048319e-02 -1.278171917e-03 -2.598279855e-03 2.188839892e-01
      2 3.063219237e-03 1.402300525e-03 2.861724639e-01 6.994890507e+00 6.978979228e+00 -1.896849156e-01 -2.447090288e-01 6.708923489e-02 6.053418465e-02 -3.993934415e-03 5.781582919e-03 -1.197640605e-02 6.630291865e-03
  26    3.074101110e-03 1.402300525e-03 2.861724639e-01 6.994890507e+00 6.994890507e+00 -1.896849156e-01 -2.447090288e-01 6.708923489e-02 6.053418465e-02 -3.993934415e-03 5.781582919e-03 -1.197640605e-02 6.630291865e-03       210         32      18552   3
      0 3.074101110e-03 1.402300525e-03 2.861724639e-01 6.994890507e+00 6.994890507e+00 -1.896849156e-01 -2.447090288e-01 6.708923489e-02 6.053418465e-02 -3.993934415e-03 5.781582919e-03 -1.197640605e-02 6.630291865e-03
      1 7.052615377e-01 4.720972976e-03 1.478722595e-01 6.991833911e+00 6.821023462e+00 -1.376335411e-01 6.608160363e-01 2.501654840e-01 1.352975265e-01 -1.539630019e-02 -1.972837511e-01 1.730613504e-01 1.216388701e-01
      2 3.070373734e-03 1.407915027e-03 2.859384888e-01 6.994885336e+00 6.994596360e+00 -1.895968555e-01 -2.431770691e-01 6.739896176e-02 6.066066865e-02 -4.013224842e-03 5.438038679e-03 -1.166336071e-02 6.824862419e-03
  27    3.079342819e-03 1.407915027e-03 2.859384888e-01 6.994885336e+00 6.994885336e+00 -1.895968555e-01 -2.431770691e-01 6.739896176e-02 6.066066865e-02 -4.013224842e-03 5.438038679e-03 -1.166336071e-02 6.824862419e-03       247         32      18587   3
      0 3.070536371e-03 1.407915027e-03 2.859384888e-01 6.994885336e+00 6.994885336e+00 -1.895968555e-01 -2.431770691e-01 6.739896176e-02 6.066066865e-02 -4.013224842e-03 5.438038679e-03 -1.166336071e-02 6.824862419e-03
      1 1.535848103e-02 3.213176331e-02 -1.192980376e-01 6.984506303e+00 6.455176887e+00 -1.734628980e-01 -1.348645655e-01 6.393999002e-01 2.959342660e-01 -4.215851324e-02 1.170074198e-01 -1.072823535e-01 3.616065488e-01
      2 3.042499670e-03 2.862506209e-03 2.667529534e-01 6.994393950e+00 6.969333356e+00 -1.888330088e-01 -2.380491173e-01 9.447979857e-02 7.179947187e-02 -5.819177002e-03 1.072018422e-02 -1.619035038e-02 2.362166170e-02
  28    3.056041668e-03 2.862506209e-03 2.667529534e-01 6.994393950e+00 6.994393950e+00 -1.888330088e-01 -2.380491173e-01 9.447979857e-02 7.179947187e-02 -5.819177002e-03 1.072018422e-02 -1.619035038e-02 2.362166170e-02       265         32      18552   3
      0 3.063597014e-03 2.862506209e-03 2.667529534e-01 6.994393950e+00 6.994393950e+00 -1.888330088e-01 -2.380491173e-01 9.447979857e-02 7.179947187e-02 -5.819177002e-03 1.072018422e-02 -1.619035038e-02 2.362166170e-02
      1 9.941251125e-01 -1.432005699e-02 3.581272246e-01 6.991121718e+00 6.888591812e+00 -3.742659300e-01 -1.189827724e+00 1.576824037e-01 1.244385819e-01 -1.525904124e-02 1.405037361e-01 -1.261534903e-01 8.759507829e-02
      2 3.055804392e-03 2.826990968e-03 2.669418181e-01 6.994387187e+00 6.994175264e+00 -1.892162866e-01 -2.400163818e-01 9.461043425e-02 7.190827349e-02 -5.838688588e-03 1.098843838e-02 -1.641763705e-02 2.375389059e-02
  29    3.056044525e-03 2.826990968e-03 2.669418181e-01 6.994387187e+00 6.994387187e+00 -1.892162866e-01 -2.400163818e-01 9.461043425e-02 7.190827349e-02 -5.838688588e-03 1.098843838e-02 -1.641763705e-02 2.375389059e-02       135         32      18587   3