***************    Tue Dec 22 13:44:03 2020     *************** 

  parameters for computational domain and elasticity
     L1    L2      a1         a2        a3         a4    
    7.000 7.000 11.562724 -17.437087 10.062913 -9.375448

  parameters for the twin structure
    theta_t theta_r   phi    alpha 
    0.50000 0.50000 0.78540 1.57080
          G_tl               G_tr               G_rt               G_rb      
    [[1.000, -0.000],   [[1.000, 0.000],   [[1.000, -0.100],   [[1.000, 0.100],
     [0.100, 1.000]]    [-0.100, 1.000]]    [0.000, 1.000]]    [0.000, 1.000]]

  starting parameters for shape optimization
        Delta_t         Delta_r           Lt              Lr              pt              pr              c1              c2              c3              c4              tlb             tbl      
    2.664148023e-02 2.718169580e-02 6.992486160e+00 6.994278267e+00 2.464318304e-01 -2.156438821e-01 8.019977158e-04 -4.409814224e-02 9.000486501e-04 1.831112632e-02 -4.287372190e-02 1.895393264e-02 

  results of shape optimization and details
             E_end          Delta_t         Delta_r           Lt              Lr              pt              pr              c1              c2              c3              c4              tlb             tbl          time       res       verts    it 
      0 2.642141081e-02 2.664148023e-02 2.718169580e-02 6.992486160e+00 6.992486160e+00 2.464318304e-01 -2.156438821e-01 8.019977158e-04 -4.409814224e-02 9.000486501e-04 1.831112632e-02 -4.287372190e-02 1.895393264e-02
      1 1.037359405e+00 1.717853075e-01 1.151102403e-01 6.977557237e+00 6.989442702e+00 -2.352234377e-01 -9.599597834e-01 5.065718301e-03 1.427090123e-01 9.170897344e-03 4.947708410e-02 -2.149627384e-01 -3.265924480e-01
      2 2.592440865e-02 2.973584501e-02 2.905627081e-02 6.992167886e+00 6.992421276e+00 2.361632773e-01 -2.315121760e-01 8.928972535e-04 -4.011554450e-02 1.076377353e-03 1.897556272e-02 -4.654253924e-02 1.158712574e-02
   0    2.642141081e-02 2.973584501e-02 2.905627081e-02 6.992167886e+00 6.992421276e+00 2.361632773e-01 -2.315121760e-01 8.928972535e-04 -4.011554450e-02 1.076377353e-03 1.897556272e-02 -4.654253924e-02 1.158712574e-02       260         32      18302   3
      0 2.585248100e-02 2.973584501e-02 2.905627081e-02 6.992167886e+00 6.992167886e+00 2.361632773e-01 -2.315121760e-01 8.928972535e-04 -4.011554450e-02 1.076377353e-03 1.897556272e-02 -4.654253924e-02 1.158712574e-02
      1 1.237766942e-01 3.067917327e-01 3.887046046e-01 6.948087288e+00 6.984744330e+00 5.933490520e-01 -2.503869058e-01 1.679762028e-02 1.353289690e-02 2.487916974e-02 -5.685380673e-01 8.667386639e-02 -5.337021601e-01
      2 2.541024853e-02 4.737904747e-02 5.195904477e-02 6.989360788e+00 6.991695146e+00 2.589092330e-01 -2.327141381e-01 1.905726293e-03 -3.669915684e-02 2.592163533e-03 -1.843790650e-02 -3.805918220e-02 -2.313745404e-02
   1    2.585248100e-02 4.737904747e-02 5.195904477e-02 6.989360788e+00 6.991695146e+00 2.589092330e-01 -2.327141381e-01 1.905726293e-03 -3.669915684e-02 2.592163533e-03 -1.843790650e-02 -3.805918220e-02 -2.313745404e-02       283         32      18302   3
      0 2.540462377e-02 4.737904747e-02 5.195904477e-02 6.989360788e+00 6.989360788e+00 2.589092330e-01 -2.327141381e-01 1.905726293e-03 -3.669915684e-02 2.592163533e-03 -1.843790650e-02 -3.805918220e-02 -2.313745404e-02
      1 1.092195348e+00 1.765628042e-01 1.202023525e-01 6.970966308e+00 6.984914681e+00 -4.267015192e-01 -7.978425093e-01 7.813712068e-03 1.295538628e-01 1.425416820e-02 -5.935830486e-03 -2.185883138e-01 -3.813358088e-01
      2 2.515149528e-02 4.894857854e-02 5.278817371e-02 6.989137303e+00 6.989306770e+00 2.505793361e-01 -2.395802222e-01 1.977505961e-03 -3.467924903e-02 2.733852234e-03 -1.828601127e-02 -4.025253908e-02 -2.748942105e-02
   2    2.540462377e-02 4.894857854e-02 5.278817371e-02 6.989137303e+00 6.989306770e+00 2.505793361e-01 -2.395802222e-01 1.977505961e-03 -3.467924903e-02 2.733852234e-03 -1.828601127e-02 -4.025253908e-02 -2.748942105e-02       113         32      18302   3
      0 2.512797630e-02 4.894857854e-02 5.278817371e-02 6.989137303e+00 6.989137303e+00 2.505793361e-01 -2.395802222e-01 1.977505961e-03 -3.467924903e-02 2.733852234e-03 -1.828601127e-02 -4.025253908e-02 -2.748942105e-02
      1 3.813114149e-01 3.520486456e-01 3.608183106e-01 6.931153520e+00 6.977050998e+00 -2.941055059e-02 -6.866654837e-01 2.284200635e-02 -4.082200858e-02 3.803803581e-02 -3.872641746e-01 -2.163258783e-01 -6.296470970e-01
      2 2.505339908e-02 5.333816420e-02 5.724915811e-02 6.988297564e+00 6.988962265e+00 2.465244389e-01 -2.460550444e-01 2.279671885e-03 -3.476821031e-02 3.245137960e-03 -2.362966319e-02 -4.280248574e-02 -3.621004828e-02
   3    2.512797630e-02 5.333816420e-02 5.724915811e-02 6.988297564e+00 6.988962265e+00 2.465244389e-01 -2.460550444e-01 2.279671885e-03 -3.476821031e-02 3.245137960e-03 -2.362966319e-02 -4.280248574e-02 -3.621004828e-02       113         32      18302   3
      0 2.503862798e-02 5.333816420e-02 5.724915811e-02 6.988297564e+00 6.988297564e+00 2.465244389e-01 -2.460550444e-01 2.279671885e-03 -3.476821031e-02 3.245137960e-03 -2.362966319e-02 -4.280248574e-02 -3.621004828e-02
      1 7.264330749e-01 1.877303702e-01 2.917222752e-01 6.948181644e+00 6.979512720e+00 8.826364513e-01 2.131165243e-01 1.761905482e-02 -2.920569943e-01 2.677025968e-02 -4.838155878e-01 4.580744731e-02 -1.884879465e-01
      2 2.497086185e-02 5.449711972e-02 5.927117948e-02 6.987951617e+00 6.988221807e+00 2.520100660e-01 -2.420952953e-01 2.411953830e-03 -3.698698671e-02 3.448011106e-03 -2.759815981e-02 -4.203834194e-02 -3.752324430e-02
   4    2.503862798e-02 5.449711972e-02 5.927117948e-02 6.987951617e+00 6.988221807e+00 2.520100660e-01 -2.420952953e-01 2.411953830e-03 -3.698698671e-02 3.448011106e-03 -2.759815981e-02 -4.203834194e-02 -3.752324430e-02       112         32      18302   3
      0 2.498074442e-02 5.449711972e-02 5.927117948e-02 6.987951617e+00 6.987951617e+00 2.520100660e-01 -2.420952953e-01 2.411953830e-03 -3.698698671e-02 3.448011106e-03 -2.759815981e-02 -4.203834194e-02 -3.752324430e-02
      1 2.777074810e-01 3.600905297e-01 3.778325416e-01 6.919582592e+00 6.972803175e+00 -1.281883764e-02 -5.873303562e-01 2.710881602e-02 -1.138441560e-01 4.531198392e-02 -4.514797855e-01 -2.396373189e-01 -6.571323081e-01
      2 2.490700801e-02 5.961454810e-02 6.460576754e-02 6.986806718e+00 6.987697943e+00 2.475752749e-01 -2.478765577e-01 2.825524344e-03 -3.827402709e-02 4.149059871e-03 -3.469642761e-02 -4.534730928e-02 -4.789913889e-02
   5    2.498074442e-02 5.961454810e-02 6.460576754e-02 6.986806718e+00 6.987697943e+00 2.475752749e-01 -2.478765577e-01 2.825524344e-03 -3.827402709e-02 4.149059871e-03 -3.469642761e-02 -4.534730928e-02 -4.789913889e-02       112         32      18302   3
      0 2.489606687e-02 5.961454810e-02 6.460576754e-02 6.986806718e+00 6.986806718e+00 2.475752749e-01 -2.478765577e-01 2.825524344e-03 -3.827402709e-02 4.149059871e-03 -3.469642761e-02 -4.534730928e-02 -4.789913889e-02
      1 7.755958754e-01 1.648996191e-01 2.636547408e-01 6.948185283e+00 6.977634140e+00 9.592288484e-01 1.778911527e-01 1.752708777e-02 -3.422759602e-01 2.682609941e-02 -4.324107189e-01 1.035551011e-02 -1.224835584e-01
      2 2.483101255e-02 6.040237439e-02 6.609520961e-02 6.986517722e+00 6.986738082e+00 2.529004306e-01 -2.446906265e-01 2.935533086e-03 -4.054881034e-02 4.318747442e-03 -3.767244094e-02 -4.493049667e-02 -4.845723859e-02
   6    2.489606687e-02 6.040237439e-02 6.609520961e-02 6.986517722e+00 6.986738082e+00 2.529004306e-01 -2.446906265e-01 2.935533086e-03 -4.054881034e-02 4.318747442e-03 -3.767244094e-02 -4.493049667e-02 -4.845723859e-02       108         32      18302   3
      0 2.483744929e-02 6.040237439e-02 6.609520961e-02 6.986517722e+00 6.986517722e+00 2.529004306e-01 -2.446906265e-01 2.935533086e-03 -4.054881034e-02 4.318747442e-03 -3.767244094e-02 -4.493049667e-02 -4.845723859e-02
      1 8.889552763e-02 3.647936462e-01 4.051327545e-01 6.902413801e+00 6.966701832e+00 1.313401555e-01 -3.959447676e-01 3.343737421e-02 -2.480321091e-01 5.580166581e-02 -5.607184162e-01 -2.561826736e-01 -6.668777227e-01
      2 2.466238804e-02 7.525300717e-02 8.263616378e-02 6.982414462e+00 6.985550945e+00 2.469697513e-01 -2.520700093e-01 4.423656050e-03 -5.067149966e-02 6.830494610e-03 -6.319079322e-02 -5.523706192e-02 -7.862871971e-02
   7    2.483744929e-02 7.525300717e-02 8.263616378e-02 6.982414462e+00 6.985550945e+00 2.469697513e-01 -2.520700093e-01 4.423656050e-03 -5.067149966e-02 6.830494610e-03 -6.319079322e-02 -5.523706192e-02 -7.862871971e-02       107         32      18302   3
      0 2.465462072e-02 7.525300717e-02 8.263616378e-02 6.982414462e+00 6.982414462e+00 2.469697513e-01 -2.520700093e-01 4.423656050e-03 -5.067149966e-02 6.830494610e-03 -6.319079322e-02 -5.523706192e-02 -7.862871971e-02
      1 8.434272342e-01 1.032271804e-01 1.814069192e-01 6.957036600e+00 6.974893535e+00 1.107461247e+00 2.058212777e-02 1.398172317e-02 -3.942244965e-01 2.132668184e-02 -2.631653541e-01 -5.180829090e-02 4.644982261e-02
      2 2.453011697e-02 7.550427471e-02 8.352333514e-02 6.982186515e+00 6.982346908e+00 2.546987942e-01 -2.496210134e-01 4.509507812e-03 -5.375733591e-02 6.960701188e-03 -6.498698989e-02 -5.520626427e-02 -7.750524851e-02
   8    2.465462072e-02 7.550427471e-02 8.352333514e-02 6.982186515e+00 6.982346908e+00 2.546987942e-01 -2.496210134e-01 4.509507812e-03 -5.375733591e-02 6.960701188e-03 -6.498698989e-02 -5.520626427e-02 -7.750524851e-02       108         32      18302   3
      0 2.453244555e-02 7.550427471e-02 8.352333514e-02 6.982186515e+00 6.982186515e+00 2.546987942e-01 -2.496210134e-01 4.509507812e-03 -5.375733591e-02 6.960701188e-03 -6.498698989e-02 -5.520626427e-02 -7.750524851e-02
      1 2.627049159e-01 2.512169689e-01 3.194206176e-01 6.882717539e+00 6.955100591e+00 6.284411522e-01 -4.409017523e-02 4.023534014e-02 -5.737161392e-01 6.729079420e-02 -5.719628479e-01 -3.122853357e-01 -4.275568724e-01
      2 2.449705806e-02 7.759957920e-02 8.633631708e-02 6.981000387e+00 6.981863526e+00 2.591555242e-01 -2.471701394e-01 4.935524254e-03 -5.995763931e-02 7.680113723e-03 -7.103247680e-02 -5.827183067e-02 -8.167947589e-02
   9    2.453244555e-02 7.759957920e-02 8.633631708e-02 6.981000387e+00 6.981863526e+00 2.591555242e-01 -2.471701394e-01 4.935524254e-03 -5.995763931e-02 7.680113723e-03 -7.103247680e-02 -5.827183067e-02 -8.167947589e-02       107         32      18302   3
      0 2.450008154e-02 7.759957920e-02 8.633631708e-02 6.981000387e+00 6.981000387e+00 2.591555242e-01 -2.471701394e-01 4.935524254e-03 -5.995763931e-02 7.680113723e-03 -7.103247680e-02 -5.827183067e-02 -8.167947589e-02
      1 8.942665547e-01 2.016207117e-01 1.526337663e-01 6.926884441e+00 6.965891135e+00 -4.594776032e-01 -6.559979486e-01 2.334217857e-02 -8.318318386e-02 4.126461828e-02 -1.719451764e-01 -3.565011905e-01 -5.202710382e-01
      2 2.446665833e-02 7.819842543e-02 8.665643976e-02 6.980739084e+00 6.980927431e+00 2.556855451e-01 -2.491441980e-01 5.024402297e-03 -6.006978576e-02 7.842279263e-03 -7.151974206e-02 -5.971185565e-02 -8.379725129e-02
  10    2.450008154e-02 7.819842543e-02 8.665643976e-02 6.980739084e+00 6.980927431e+00 2.556855451e-01 -2.491441980e-01 5.024402297e-03 -6.006978576e-02 7.842279263e-03 -7.151974206e-02 -5.971185565e-02 -8.379725129e-02       107         32      18302   3
      0 2.446443170e-02 7.819842543e-02 8.665643976e-02 6.980739084e+00 6.980739084e+00 2.556855451e-01 -2.491441980e-01 5.024402297e-03 -6.006978576e-02 7.842279263e-03 -7.151974206e-02 -5.971185565e-02 -8.379725129e-02
      1 3.342781035e-02 2.788118015e-01 3.039500575e-01 6.862414032e+00 6.947776989e+00 2.572184783e-01 -3.324546607e-01 4.658072476e-02 -5.470514837e-01 7.955618634e-02 -5.393662129e-01 -4.649807770e-01 -5.969865449e-01
      2 2.399920613e-02 1.145786659e-01 1.260615593e-01 6.959281423e+00 6.974761571e+00 2.559635349e-01 -2.642521371e-01 1.256043521e-02 -1.483815007e-01 2.084724054e-02 -1.563613785e-01 -1.332053640e-01 -1.768615837e-01
  11    2.446443170e-02 1.145786659e-01 1.260615593e-01 6.959281423e+00 6.974761571e+00 2.559635349e-01 -2.642521371e-01 1.256043521e-02 -1.483815007e-01 2.084724054e-02 -1.563613785e-01 -1.332053640e-01 -1.768615837e-01       104         32      18302   3
      0 2.403545725e-02 1.145786659e-01 1.260615593e-01 6.959281423e+00 6.959281423e+00 2.559635349e-01 -2.642521371e-01 1.256043521e-02 -1.483815007e-01 2.084724054e-02 -1.563613785e-01 -1.332053640e-01 -1.768615837e-01
      1 7.871387426e-01 4.042163196e-03 7.574836967e-02 6.938367346e+00 6.951977760e+00 1.654550059e-01 6.579065379e-01 1.966456312e-02 -1.982762976e-01 3.227606559e-02 -4.387307297e-01 7.068036049e-02 -2.239645576e-01
      2 2.384441489e-02 1.133474422e-01 1.255011400e-01 6.959048469e+00 6.959200070e+00 2.549553951e-01 -2.539805651e-01 1.263956537e-02 -1.489372597e-01 2.097454184e-02 -1.595065825e-01 -1.309343590e-01 -1.773862457e-01
  12    2.403545725e-02 1.133474422e-01 1.255011400e-01 6.959048469e+00 6.959200070e+00 2.549553951e-01 -2.539805651e-01 1.263956537e-02 -1.489372597e-01 2.097454184e-02 -1.595065825e-01 -1.309343590e-01 -1.773862457e-01       103         32      18302   3
      0 2.382579497e-02 1.133474422e-01 1.255011400e-01 6.959048469e+00 6.959048469e+00 2.549553951e-01 -2.539805651e-01 1.263956537e-02 -1.489372597e-01 2.097454184e-02 -1.595065825e-01 -1.309343590e-01 -1.773862457e-01
      1 5.316702568e-01 -1.557183324e-01 -1.339714671e-01 6.837958419e+00 6.916764080e+00 3.971573798e-01 4.650965291e-01 5.018755514e-02 -5.670189761e-01 8.806191464e-02 -4.428211808e-01 -2.968060573e-01 -3.117367691e-01
      2 2.381518386e-02 1.124230296e-01 1.246096861e-01 6.958632447e+00 6.958903195e+00 2.554439497e-01 -2.515100766e-01 1.276856667e-02 -1.503736371e-01 2.120502976e-02 -1.604799489e-01 -1.315042341e-01 -1.778478255e-01
  13    2.382579497e-02 1.124230296e-01 1.246096861e-01 6.958632447e+00 6.958903195e+00 2.554439497e-01 -2.515100766e-01 1.276856667e-02 -1.503736371e-01 2.120502976e-02 -1.604799489e-01 -1.315042341e-01 -1.778478255e-01       103         32      18302   3
      0 2.381258585e-02 1.124230296e-01 1.246096861e-01 6.958632447e+00 6.958632447e+00 2.554439497e-01 -2.515100766e-01 1.276856667e-02 -1.503736371e-01 2.120502976e-02 -1.604799489e-01 -1.315042341e-01 -1.778478255e-01
      1 3.043754430e-01 -1.261090262e-01 -2.194644720e-01 6.796556949e+00 6.902634684e+00 1.397890536e-01 -6.193284537e-01 6.125314590e-02 -5.967876653e-01 1.107562401e-01 -1.512095130e-01 -7.299446832e-01 -4.585117380e-01
      2 2.379938916e-02 1.107900608e-01 1.222541855e-01 6.957522893e+00 6.958249092e+00 2.546521867e-01 -2.540281279e-01 1.310048771e-02 -1.534297472e-01 2.181808924e-02 -1.604164843e-01 -1.356011033e-01 -1.797692252e-01
  14    2.381258585e-02 1.107900608e-01 1.222541855e-01 6.957522893e+00 6.958249092e+00 2.546521867e-01 -2.540281279e-01 1.310048771e-02 -1.534297472e-01 2.181808924e-02 -1.604164843e-01 -1.356011033e-01 -1.797692252e-01       104         32      18302   3
      0 2.380231274e-02 1.107900608e-01 1.222541855e-01 6.957522893e+00 6.957522893e+00 2.546521867e-01 -2.540281279e-01 1.310048771e-02 -1.534297472e-01 2.181808924e-02 -1.604164843e-01 -1.356011033e-01 -1.797692252e-01
      1 6.685446524e-01 -9.117973573e-02 -4.510180590e-02 6.863151196e+00 6.924370289e+00 3.333800319e-01 5.870500720e-01 4.221625111e-02 -4.481610487e-01 7.358222782e-02 -4.795697919e-01 -1.565763145e-01 -3.018014428e-01
      2 2.378989154e-02 1.101488295e-01 1.217228492e-01 6.957223273e+00 6.957417637e+00 2.549021387e-01 -2.513577997e-01 1.319292696e-02 -1.543654857e-01 2.198243452e-02 -1.614297600e-01 -1.356676972e-01 -1.801566637e-01
  15    2.380231274e-02 1.101488295e-01 1.217228492e-01 6.957223273e+00 6.957417637e+00 2.549021387e-01 -2.513577997e-01 1.319292696e-02 -1.543654857e-01 2.198243452e-02 -1.614297600e-01 -1.356676972e-01 -1.801566637e-01       104         32      18302   3
      0 2.378729936e-02 1.101488295e-01 1.217228492e-01 6.957223273e+00 6.957223273e+00 2.549021387e-01 -2.513577997e-01 1.319292696e-02 -1.543654857e-01 2.198243452e-02 -1.614297600e-01 -1.356676972e-01 -1.801566637e-01
      1 7.624046071e-02 -1.556720814e-01 -2.240010850e-01 6.759256884e+00 6.888365102e+00 2.737428332e-01 -3.354736534e-01 7.208869163e-02 -7.013847892e-01 1.302330060e-01 -2.880005229e-01 -7.097890568e-01 -4.938429843e-01
      2 2.374344925e-02 1.028060065e-01 1.121728493e-01 6.951754809e+00 6.955321191e+00 2.554225789e-01 -2.536813484e-01 1.481981619e-02 -1.694759069e-01 2.497266123e-02 -1.649260489e-01 -1.515267638e-01 -1.888216823e-01
  16    2.378729936e-02 1.028060065e-01 1.121728493e-01 6.951754809e+00 6.955321191e+00 2.554225789e-01 -2.536813484e-01 1.481981619e-02 -1.694759069e-01 2.497266123e-02 -1.649260489e-01 -1.515267638e-01 -1.888216823e-01       104         32      18302   3
      0 2.374493381e-02 1.028060065e-01 1.121728493e-01 6.951754809e+00 6.951754809e+00 2.554225789e-01 -2.536813484e-01 1.481981619e-02 -1.694759069e-01 2.497266123e-02 -1.649260489e-01 -1.515267638e-01 -1.888216823e-01
      1 8.113977852e-01 1.372769590e-02 6.648700077e-02 6.900309121e+00 6.933433915e+00 -6.516164269e-02 6.023614992e-01 3.014936363e-02 -1.932530464e-01 5.249936657e-02 -4.762570316e-01 -4.280987714e-03 -3.655858683e-01
      2 2.371267474e-02 1.023951185e-01 1.119621161e-01 6.951517508e+00 6.951670301e+00 2.539438330e-01 -2.497327140e-01 1.489052618e-02 -1.695855828e-01 2.509963256e-02 -1.663621128e-01 -1.508475691e-01 -1.896370353e-01
  17    2.374493381e-02 1.023951185e-01 1.119621161e-01 6.951517508e+00 6.951670301e+00 2.539438330e-01 -2.497327140e-01 1.489052618e-02 -1.695855828e-01 2.509963256e-02 -1.663621128e-01 -1.508475691e-01 -1.896370353e-01       104         32      18302   3
      0 2.371054821e-02 1.023951185e-01 1.119621161e-01 6.951517508e+00 6.951517508e+00 2.539438330e-01 -2.497327140e-01 1.489052618e-02 -1.695855828e-01 2.509963256e-02 -1.663621128e-01 -1.508475691e-01 -1.896370353e-01
      1 2.465221058e-01 -3.300576359e-02 -2.463426938e-02 6.717269173e+00 6.868918258e+00 2.795512578e-01 2.083476609e-01 8.166740550e-02 -6.434069822e-01 1.487056354e-01 -5.813934875e-01 -4.690842619e-01 -6.056295734e-01
      2 2.370285209e-02 1.016621076e-01 1.112226331e-01 6.950249373e+00 6.951070346e+00 2.540824622e-01 -2.472528342e-01 1.525203181e-02 -1.721506787e-01 2.576879030e-02 -1.686089411e-01 -1.525703863e-01 -1.918890670e-01
  18    2.371054821e-02 1.016621076e-01 1.112226331e-01 6.950249373e+00 6.951070346e+00 2.540824622e-01 -2.472528342e-01 1.525203181e-02 -1.721506787e-01 2.576879030e-02 -1.686089411e-01 -1.525703863e-01 -1.918890670e-01       106         32      18302   3
      0 2.370263429e-02 1.016621076e-01 1.112226331e-01 6.950249373e+00 6.950249373e+00 2.540824622e-01 -2.472528342e-01 1.525203181e-02 -1.721506787e-01 2.576879030e-02 -1.686089411e-01 -1.525703863e-01 -1.918890670e-01
      1 7.228775590e-01 1.197316382e-01 4.698159287e-02 6.822222155e+00 6.905464724e+00 2.482776716e-01 -1.043893779e+00 5.025880954e-02 -4.071999191e-01 9.267980437e-02 -8.426784714e-02 -6.217427031e-01 -4.248969419e-01
      2 2.369603186e-02 1.016996763e-01 1.110890686e-01 6.949983190e+00 6.950156260e+00 2.540703934e-01 -2.489091422e-01 1.532481492e-02 -1.726393731e-01 2.590790599e-02 -1.684335862e-01 -1.535458495e-01 -1.923735171e-01
  19    2.370263429e-02 1.016996763e-01 1.110890686e-01 6.949983190e+00 6.950156260e+00 2.540703934e-01 -2.489091422e-01 1.532481492e-02 -1.726393731e-01 2.590790599e-02 -1.684335862e-01 -1.535458495e-01 -1.923735171e-01       104         32      18302   3
      0 2.369621116e-02 1.016996763e-01 1.110890686e-01 6.949983190e+00 6.949983190e+00 2.540703934e-01 -2.489091422e-01 1.532481492e-02 -1.726393731e-01 2.590790599e-02 -1.684335862e-01 -1.535458495e-01 -1.923735171e-01
      1 4.382201806e-02 1.501274287e-02 -2.141802814e-02 6.677444726e+00 6.853830427e+00 1.775820639e-01 -2.881760188e-01 9.153873845e-02 -6.718021601e-01 1.687433646e-01 -4.789474191e-01 -6.658284022e-01 -6.921595235e-01
      2 2.363649935e-02 9.724163723e-02 1.042746413e-01 6.935967385e+00 6.945038352e+00 2.501368368e-01 -2.509285154e-01 1.924425966e-02 -1.983097608e-01 3.325348881e-02 -1.844023457e-01 -1.798909458e-01 -2.180759550e-01
  20    2.369621116e-02 9.724163723e-02 1.042746413e-01 6.935967385e+00 6.945038352e+00 2.501368368e-01 -2.509285154e-01 1.924425966e-02 -1.983097608e-01 3.325348881e-02 -1.844023457e-01 -1.798909458e-01 -2.180759550e-01       104         32      18302   3
      0 2.363512104e-02 9.724163723e-02 1.042746413e-01 6.935967385e+00 6.935967385e+00 2.501368368e-01 -2.509285154e-01 1.924425966e-02 -1.983097608e-01 3.325348881e-02 -1.844023457e-01 -1.798909458e-01 -2.180759550e-01
      1 9.517096003e-01 6.397571957e-02 1.578633743e-01 6.888872831e+00 6.918619861e+00 8.915324907e-01 3.977786145e-01 3.192072255e-02 -4.433093763e-01 5.569233326e-02 -4.341601641e-01 -3.180432951e-02 -9.042076423e-02
      2 2.359499319e-02 9.707150965e-02 1.045487032e-01 6.935726536e+00 6.935878667e+00 2.534170436e-01 -2.476109165e-01 1.930908926e-02 -1.995627306e-01 3.336824489e-02 -1.856796498e-01 -1.791336056e-01 -2.174231046e-01
  21    2.363512104e-02 9.707150965e-02 1.045487032e-01 6.935726536e+00 6.935878667e+00 2.534170436e-01 -2.476109165e-01 1.930908926e-02 -1.995627306e-01 3.336824489e-02 -1.856796498e-01 -1.791336056e-01 -2.174231046e-01       105         32      18302   3
      0 2.359493739e-02 9.707150965e-02 1.045487032e-01 6.935726536e+00 6.935726536e+00 2.534170436e-01 -2.476109165e-01 1.930908926e-02 -1.995627306e-01 3.336824489e-02 -1.856796498e-01 -1.791336056e-01 -2.174231046e-01
      1 5.697211217e-01 1.485811314e-01 2.321774888e-01 6.691137061e+00 6.847404432e+00 6.670536373e-01 3.000746295e-01 8.179174017e-02 -6.466191119e-01 1.531483843e-01 -6.178322198e-01 -2.651834807e-01 -3.909366819e-01
      2 2.359231941e-02 9.715965629e-02 1.047671100e-01 6.935307978e+00 6.935575393e+00 2.541248856e-01 -2.466736811e-01 1.941601367e-02 -2.003277628e-01 3.357322052e-02 -1.864191776e-01 -1.792808598e-01 -2.177200324e-01
  22    2.359493739e-02 9.715965629e-02 1.047671100e-01 6.935307978e+00 6.935575393e+00 2.541248856e-01 -2.466736811e-01 1.941601367e-02 -2.003277628e-01 3.357322052e-02 -1.864191776e-01 -1.792808598e-01 -2.177200324e-01       105         32      18302   3
      0 2.359249237e-02 9.715965629e-02 1.047671100e-01 6.935307978e+00 6.935307978e+00 2.541248856e-01 -2.466736811e-01 1.941601367e-02 -2.003277628e-01 3.357322052e-02 -1.864191776e-01 -1.792808598e-01 -2.177200324e-01
      1 2.649840206e-01 2.472387079e-01 2.271287447e-01 6.605634473e+00 6.816656698e+00 -3.785199398e-02 -5.829573358e-01 1.021581282e-01 -5.555697187e-01 1.955051948e-01 -4.384359975e-01 -6.162457301e-01 -6.948867995e-01
      2 2.358876844e-02 9.773921303e-02 1.052396310e-01 6.934034886e+00 6.934849785e+00 2.529973654e-01 -2.479722997e-01 1.973553694e-02 -2.016995923e-01 3.419854941e-02 -1.873923850e-01 -1.809682767e-01 -2.195626960e-01
  23    2.359249237e-02 9.773921303e-02 1.052396310e-01 6.934034886e+00 6.934849785e+00 2.529973654e-01 -2.479722997e-01 1.973553694e-02 -2.016995923e-01 3.419854941e-02 -1.873923850e-01 -1.809682767e-01 -2.195626960e-01       109         32      18302   3
      0 2.358846922e-02 9.773921303e-02 1.052396310e-01 6.934034886e+00 6.934034886e+00 2.529973654e-01 -2.479722997e-01 1.973553694e-02 -2.016995923e-01 3.419854941e-02 -1.873923850e-01 -1.809682767e-01 -2.195626960e-01
      1 7.688698029e-01 1.066985900e-01 1.968220439e-01 6.756268358e+00 6.869641236e+00 7.749632683e-01 3.743563306e-01 6.501414005e-02 -5.795861088e-01 1.203890035e-01 -5.620218670e-01 -1.707053129e-01 -2.771286603e-01
      2 2.358483233e-02 9.775552461e-02 1.054063673e-01 6.933711241e+00 6.933917649e+00 2.539476646e-01 -2.468392787e-01 1.981797186e-02 -2.023875783e-01 3.435546907e-02 -1.880744412e-01 -1.809495918e-01 -2.196675015e-01
  24    2.358846922e-02 9.775552461e-02 1.054063673e-01 6.933711241e+00 6.933917649e+00 2.539476646e-01 -2.468392787e-01 1.981797186e-02 -2.023875783e-01 3.435546907e-02 -1.880744412e-01 -1.809495918e-01 -2.196675015e-01       150         32      18302   3
      0 2.358498668e-02 9.775552461e-02 1.054063673e-01 6.933711241e+00 6.933711241e+00 2.539476646e-01 -2.468392787e-01 1.981797186e-02 -2.023875783e-01 3.435546907e-02 -1.880744412e-01 -1.809495918e-01 -2.196675015e-01
      1 9.621058032e-02 2.304238319e-01 2.279557792e-01 6.560431726e+00 6.799096764e+00 6.808399289e-02 -4.072639327e-01 1.129641444e-01 -6.276606398e-01 2.163182060e-01 -5.241305502e-01 -6.003044185e-01 -7.077297220e-01
      2 2.357568840e-02 9.919860230e-02 1.067393784e-01 6.929650955e+00 6.932246994e+00 2.519259630e-01 -2.485842714e-01 2.083115403e-02 -2.070134161e-01 3.633473881e-02 -1.917298362e-01 -1.855110550e-01 -2.249763180e-01
  25    2.358498668e-02 9.919860230e-02 1.067393784e-01 6.929650955e+00 6.932246994e+00 2.519259630e-01 -2.485842714e-01 2.083115403e-02 -2.070134161e-01 3.633473881e-02 -1.917298362e-01 -1.855110550e-01 -2.249763180e-01       118         32      18302   3
      0 2.357523577e-02 9.919860230e-02 1.067393784e-01 6.929650955e+00 6.929650955e+00 2.519259630e-01 -2.485842714e-01 2.083115403e-02 -2.070134161e-01 3.633473881e-02 -1.917298362e-01 -1.855110550e-01 -2.249763180e-01
      1 9.107234848e-01 7.295411364e-02 1.631257491e-01 6.824178919e+00 6.891153995e+00 9.154855067e-01 3.457357374e-01 4.737050042e-02 -5.165090859e-01 8.612275889e-02 -4.719940581e-01 -1.027402843e-01 -1.499555938e-01
      2 2.356681747e-02 9.913610957e-02 1.068736442e-01 6.929399807e+00 6.929559287e+00 2.535060147e-01 -2.471690913e-01 2.089434887e-02 -2.077503795e-01 3.645329281e-02 -1.923971945e-01 -1.853139632e-01 -2.247976805e-01
  26    2.357523577e-02 9.913610957e-02 1.068736442e-01 6.929399807e+00 6.929559287e+00 2.535060147e-01 -2.471690913e-01 2.089434887e-02 -2.077503795e-01 3.645329281e-02 -1.923971945e-01 -1.853139632e-01 -2.247976805e-01       106         32      18302   3
      0 2.356682245e-02 9.913610957e-02 1.068736442e-01 6.929399807e+00 6.929399807e+00 2.535060147e-01 -2.471690913e-01 2.089434887e-02 -2.077503795e-01 3.645329281e-02 -1.923971945e-01 -1.853139632e-01 -2.247976805e-01
      1 1.812992820e-01 1.529573413e-01 1.993301247e-01 6.546117170e+00 6.790527599e+00 4.627687420e-01 5.329995438e-02 1.148894022e-01 -7.110297508e-01 2.194548916e-01 -6.355948734e-01 -4.505654094e-01 -5.796133714e-01
      2 2.356295536e-02 9.938887650e-02 1.073078584e-01 6.927599752e+00 6.928747605e+00 2.544887997e-01 -2.457579634e-01 2.133578881e-02 -2.101139892e-01 3.731274460e-02 -1.944786355e-01 -1.865596946e-01 -2.264640429e-01
  27    2.356682245e-02 9.938887650e-02 1.073078584e-01 6.927599752e+00 6.928747605e+00 2.544887997e-01 -2.457579634e-01 2.133578881e-02 -2.101139892e-01 3.731274460e-02 -1.944786355e-01 -1.865596946e-01 -2.264640429e-01       104         32      18302   3
      0 2.356305601e-02 9.938887650e-02 1.073078584e-01 6.927599752e+00 6.927599752e+00 2.544887997e-01 -2.457579634e-01 2.133578881e-02 -2.101139892e-01 3.731274460e-02 -1.944786355e-01 -1.865596946e-01 -2.264640429e-01
      1 9.570954954e-01 1.831193330e-01 1.116051854e-01 6.759672122e+00 6.867015494e+00 -2.545444924e-01 -9.228195884e-01 6.114211815e-02 -2.513280787e-01 1.173573574e-01 -1.356820432e-01 -5.415139934e-01 -5.496255927e-01
      2 2.355921619e-02 9.953776595e-02 1.073154999e-01 6.927301143e+00 6.927492021e+00 2.535836370e-01 -2.469619140e-01 2.140657241e-02 -2.101872761e-01 3.745507988e-02 -1.943740834e-01 -1.871908741e-01 -2.270386886e-01
  28    2.356305601e-02 9.953776595e-02 1.073154999e-01 6.927301143e+00 6.927492021e+00 2.535836370e-01 -2.469619140e-01 2.140657241e-02 -2.101872761e-01 3.745507988e-02 -1.943740834e-01 -1.871908741e-01 -2.270386886e-01       104         32      18302   3
      0 2.355898847e-02 9.953776595e-02 1.073154999e-01 6.927301143e+00 6.927301143e+00 2.535836370e-01 -2.469619140e-01 2.140657241e-02 -2.101872761e-01 3.745507988e-02 -1.943740834e-01 -1.871908741e-01 -2.270386886e-01
      1 3.579724313e-02 1.688054445e-01 1.864417018e-01 6.496533084e+00 6.771131995e+00 3.086662369e-01 -1.819934589e-01 1.255298474e-01 -7.031281937e-01 2.414204629e-01 -5.882484230e-01 -5.540830306e-01 -6.589588014e-01
      2 2.352152937e-02 1.030570061e-01 1.113356159e-01 6.905415377e+00 6.919366754e+00 2.563821845e-01 -2.436611019e-01 2.669669924e-02 -2.352318204e-01 4.781782295e-02 -2.143854134e-01 -2.058313370e-01 -2.489829866e-01
  29    2.355898847e-02 1.030570061e-01 1.113356159e-01 6.905415377e+00 6.919366754e+00 2.563821845e-01 -2.436611019e-01 2.669669924e-02 -2.352318204e-01 4.781782295e-02 -2.143854134e-01 -2.058313370e-01 -2.489829866e-01       104         32      18302   3
      0 2.351936065e-02 1.030570061e-01 1.113356159e-01 6.905415377e+00 6.905415377e+00 2.563821845e-01 -2.436611019e-01 2.669669924e-02 -2.352318204e-01 4.781782295e-02 -2.143854134e-01 -2.058313370e-01 -2.489829866e-01
      1 1.156801052e+00 1.476965547e-01 6.949928337e-02 6.844015954e+00 6.883100570e+00 -4.318204767e-01 -8.471784339e-01 3.899117825e-02 -7.972220843e-02 7.474213436e-02 -5.178712285e-02 -4.256533389e-01 -4.820363935e-01
      2 2.349600108e-02 1.032154822e-01 1.111870916e-01 6.905197401e+00 6.905336157e+00 2.539389770e-01 -2.458036656e-01 2.674034622e-02 -2.346797414e-01 4.791340770e-02 -2.138081687e-01 -2.066117332e-01 -2.498103560e-01
  30    2.351936065e-02 1.032154822e-01 1.111870916e-01 6.905197401e+00 6.905336157e+00 2.539389770e-01 -2.458036656e-01 2.674034622e-02 -2.346797414e-01 4.791340770e-02 -2.138081687e-01 -2.066117332e-01 -2.498103560e-01       104         32      18302   3
      0 2.349558931e-02 1.032154822e-01 1.111870916e-01 6.905197401e+00 6.905197401e+00 2.539389770e-01 -2.458036656e-01 2.674034622e-02 -2.346797414e-01 4.791340770e-02 -2.138081687e-01 -2.066117332e-01 -2.498103560e-01
      1 1.007487741e+00 1.349887381e-01 5.435360873e-02 6.673213630e+00 6.820584752e+00 -3.359352686e-01 -8.548756712e-01 7.532290161e-02 -2.117197889e-01 1.479044114e-01 -1.162170711e-01 -5.239277849e-01 -5.543841361e-01
      2 2.349370083e-02 1.032512931e-01 1.111230357e-01 6.904935937e+00 6.905102036e+00 2.532741419e-01 -2.464901382e-01 2.679510261e-02 -2.346538637e-01 4.802610550e-02 -2.136981757e-01 -2.069693736e-01 -2.501536349e-01
  31    2.349558931e-02 1.032512931e-01 1.111230357e-01 6.904935937e+00 6.905102036e+00 2.532741419e-01 -2.464901382e-01 2.679510261e-02 -2.346538637e-01 4.802610550e-02 -2.136981757e-01 -2.069693736e-01 -2.501536349e-01       105         32      18302   3
      0 2.349366592e-02 1.032512931e-01 1.111230357e-01 6.904935937e+00 6.904935937e+00 2.532741419e-01 -2.464901382e-01 2.679510261e-02 -2.346538637e-01 4.802610550e-02 -2.136981757e-01 -2.069693736e-01 -2.501536349e-01
      1 7.392263331e-02 7.037198258e-02 3.730412300e-02 6.294582798e+00 6.681712272e+00 1.458813516e-01 -3.901729751e-01 1.561852596e-01 -5.811875955e-01 3.095247551e-01 -4.036735794e-01 -5.954567881e-01 -6.331808946e-01
      2 2.348877351e-02 1.029407673e-01 1.104258592e-01 6.899171508e+00 6.902827720e+00 2.522598798e-01 -2.478471386e-01 2.801711706e-02 -2.379266724e-01 5.049580748e-02 -2.154923825e-01 -2.106384103e-01 -2.537711036e-01
  32    2.349366592e-02 1.029407673e-01 1.104258592e-01 6.899171508e+00 6.902827720e+00 2.522598798e-01 -2.478471386e-01 2.801711706e-02 -2.379266724e-01 5.049580748e-02 -2.154923825e-01 -2.106384103e-01 -2.537711036e-01       105         32      18302   3
      0 2.348821358e-02 1.029407673e-01 1.104258592e-01 6.899171508e+00 6.899171508e+00 2.522598798e-01 -2.478471386e-01 2.801711706e-02 -2.379266724e-01 5.049580748e-02 -2.154923825e-01 -2.106384103e-01 -2.537711036e-01
      1 8.659542394e-01 4.214891020e-02 1.331678749e-01 6.756706899e+00 6.846724864e+00 7.267556773e-01 5.173583696e-01 5.808458759e-02 -4.530530799e-01 1.094566945e-01 -4.986775570e-01 -4.773246420e-02 -1.854878468e-01
      2 2.348351576e-02 1.028231128e-01 1.104698733e-01 6.898895787e+00 6.899070005e+00 2.531782023e-01 -2.463661867e-01 2.807530859e-02 -2.383430205e-01 5.060991832e-02 -2.160404491e-01 -2.103231278e-01 -2.536389505e-01
  33    2.348821358e-02 1.028231128e-01 1.104698733e-01 6.898895787e+00 6.899070005e+00 2.531782023e-01 -2.463661867e-01 2.807530859e-02 -2.383430205e-01 5.060991832e-02 -2.160404491e-01 -2.103231278e-01 -2.536389505e-01       105         32      18302   3
      0 2.348337278e-02 1.028231128e-01 1.104698733e-01 6.898895787e+00 6.898895787e+00 2.531782023e-01 -2.463661867e-01 2.807530859e-02 -2.383430205e-01 5.060991832e-02 -2.160404491e-01 -2.103231278e-01 -2.536389505e-01
      1 4.635481036e-02 9.566720547e-02 1.057275443e-01 6.238296980e+00 6.657188590e+00 3.323398534e-01 -1.216016727e-01 1.636296986e-01 -6.193266656e-01 3.255914893e-01 -4.939920629e-01 -4.803330428e-01 -5.601997943e-01
      2 2.347466654e-02 1.026925804e-01 1.103833675e-01 6.886845667e+00 6.894486756e+00 2.546222065e-01 -2.440903312e-01 3.054798447e-02 -2.452926225e-01 5.562591446e-02 -2.211106224e-01 -2.152484350e-01 -2.592309908e-01
  34    2.348337278e-02 1.026925804e-01 1.103833675e-01 6.886845667e+00 6.894486756e+00 2.546222065e-01 -2.440903312e-01 3.054798447e-02 -2.452926225e-01 5.562591446e-02 -2.211106224e-01 -2.152484350e-01 -2.592309908e-01       110         32      18302   3
      0 2.347352361e-02 1.026925804e-01 1.103833675e-01 6.886845667e+00 6.886845667e+00 2.546222065e-01 -2.440903312e-01 3.054798447e-02 -2.452926225e-01 5.562591446e-02 -2.211106224e-01 -2.152484350e-01 -2.592309908e-01
      1 1.110848438e+00 1.655722776e-01 8.636287280e-02 6.778492664e+00 6.847509809e+00 -3.087064495e-01 -9.579742756e-01 5.047450937e-02 -1.275848087e-01 9.865566095e-02 -3.631775370e-02 -4.658930579e-01 -4.645042959e-01
      2 2.346577864e-02 1.028274777e-01 1.103318358e-01 6.886613214e+00 6.886761279e+00 2.534136847e-01 -2.456218427e-01 3.059073330e-02 -2.450401013e-01 5.571822716e-02 -2.207141821e-01 -2.157861486e-01 -2.596713683e-01
  35    2.347352361e-02 1.028274777e-01 1.103318358e-01 6.886613214e+00 6.886761279e+00 2.534136847e-01 -2.456218427e-01 3.059073330e-02 -2.450401013e-01 5.571822716e-02 -2.207141821e-01 -2.157861486e-01 -2.596713683e-01       109         32      18302   3
      0 2.346549584e-02 1.028274777e-01 1.103318358e-01 6.886613214e+00 6.886613214e+00 2.534136847e-01 -2.456218427e-01 3.059073330e-02 -2.450401013e-01 5.571822716e-02 -2.207141821e-01 -2.157861486e-01 -2.596713683e-01
      1 7.079296157e-01 1.714500502e-01 1.077264892e-01 6.442460817e+00 6.724493576e+00 -1.821548785e-01 -8.367106097e-01 1.148520090e-01 -2.967131568e-01 2.304780653e-01 -1.735597282e-01 -5.363142970e-01 -5.552237607e-01
      2 2.346478282e-02 1.028865253e-01 1.103295940e-01 6.886231035e+00 6.886473716e+00 2.530388914e-01 -2.461304563e-01 3.066323752e-02 -2.450845643e-01 5.586860260e-02 -2.206736071e-01 -2.160619532e-01 -2.599256820e-01
  36    2.346549584e-02 1.028865253e-01 1.103295940e-01 6.886231035e+00 6.886473716e+00 2.530388914e-01 -2.461304563e-01 3.066323752e-02 -2.450845643e-01 5.586860260e-02 -2.206736071e-01 -2.160619532e-01 -2.599256820e-01       105         32      18302   3
      0 2.346471260e-02 1.028865253e-01 1.103295940e-01 6.886231035e+00 6.886231035e+00 2.530388914e-01 -2.461304563e-01 3.066323752e-02 -2.450845643e-01 5.586860260e-02 -2.206736071e-01 -2.160619532e-01 -2.599256820e-01
      1 1.786268902e-01 1.099455851e-01 1.516259799e-01 6.207435949e+00 6.637964194e+00 4.754518703e-01 5.688361304e-02 1.605026704e-01 -5.767412337e-01 3.217259559e-01 -5.129361342e-01 -3.405343456e-01 -4.499656966e-01
      2 2.346350365e-02 1.029048681e-01 1.104369015e-01 6.884467204e+00 6.885585920e+00 2.536168255e-01 -2.453430824e-01 3.100062179e-02 -2.459463653e-01 5.655942577e-02 -2.214330434e-01 -2.163853913e-01 -2.604194959e-01
  37    2.346471260e-02 1.029048681e-01 1.104369015e-01 6.884467204e+00 6.885585920e+00 2.536168255e-01 -2.453430824e-01 3.100062179e-02 -2.459463653e-01 5.655942577e-02 -2.214330434e-01 -2.163853913e-01 -2.604194959e-01       105         32      18302   3
      0 2.346333040e-02 1.029048681e-01 1.104369015e-01 6.884467204e+00 6.884467204e+00 2.536168255e-01 -2.453430824e-01 3.100062179e-02 -2.459463653e-01 5.655942577e-02 -2.214330434e-01 -2.163853913e-01 -2.604194959e-01
      1 9.415841395e-01 1.693936050e-01 9.554923504e-02 6.585663410e+00 6.775527485e+00 -2.629979944e-01 -9.106850841e-01 8.673575216e-02 -2.120736183e-01 1.731344856e-01 -1.033539693e-01 -5.096092281e-01 -5.190094906e-01
      2 2.346212114e-02 1.029712669e-01 1.104220340e-01 6.884168805e+00 6.884358412e+00 2.531009094e-01 -2.460075246e-01 3.105628154e-02 -2.459125383e-01 5.667584317e-02 -2.213151241e-01 -2.166782186e-01 -2.606777361e-01
  38    2.346333040e-02 1.029712669e-01 1.104220340e-01 6.884168805e+00 6.884358412e+00 2.531009094e-01 -2.460075246e-01 3.105628154e-02 -2.459125383e-01 5.667584317e-02 -2.213151241e-01 -2.166782186e-01 -2.606777361e-01       104         32      18302   3
      0 2.346204392e-02 1.029712669e-01 1.104220340e-01 6.884168805e+00 6.884168805e+00 2.531009094e-01 -2.460075246e-01 3.105628154e-02 -2.459125383e-01 5.667584317e-02 -2.213151241e-01 -2.166782186e-01 -2.606777361e-01
      1 3.244302430e-02 1.295306105e-01 1.424373357e-01 6.135158090e+00 6.610382472e+00 3.128977830e-01 -1.853223784e-01 1.724648568e-01 -5.465979224e-01 3.473485909e-01 -4.496463257e-01 -4.279472703e-01 -5.124053273e-01
      2 2.344534990e-02 1.040263772e-01 1.116938906e-01 6.854413215e+00 6.873292226e+00 2.554764311e-01 -2.435967149e-01 3.667395232e-02 -2.578577226e-01 6.822326027e-02 -2.303859284e-01 -2.250712031e-01 -2.706779976e-01
  39    2.346204392e-02 1.040263772e-01 1.116938906e-01 6.854413215e+00 6.873292226e+00 2.554764311e-01 -2.435967149e-01 3.667395232e-02 -2.578577226e-01 6.822326027e-02 -2.303859284e-01 -2.250712031e-01 -2.706779976e-01       104         32      18302   3
      0 2.344165194e-02 1.040263772e-01 1.116938906e-01 6.854413215e+00 6.854413215e+00 2.554764311e-01 -2.435967149e-01 3.667395232e-02 -2.578577226e-01 6.822326027e-02 -2.303859284e-01 -2.250712031e-01 -2.706779976e-01
      1 1.142416177e+00 1.507285593e-01 7.363717175e-02 6.773616566e+00 6.825119768e+00 -4.614635825e-01 -8.156737528e-01 4.883991304e-02 -6.914141066e-02 9.582461060e-02 -5.930724041e-02 -4.127807998e-01 -4.867399466e-01
      2 2.342831983e-02 1.041536732e-01 1.115901595e-01 6.854192987e+00 6.854333369e+00 2.535222696e-01 -2.451560238e-01 3.670711305e-02 -2.573433391e-01 6.829849320e-02 -2.299196197e-01 -2.255828427e-01 -2.712669171e-01
  40    2.344165194e-02 1.041536732e-01 1.115901595e-01 6.854192987e+00 6.854333369e+00 2.535222696e-01 -2.451560238e-01 3.670711305e-02 -2.573433391e-01 6.829849320e-02 -2.299196197e-01 -2.255828427e-01 -2.712669171e-01       104         32      18302   3
      0 2.342804455e-02 1.041536732e-01 1.115901595e-01 6.854192987e+00 6.854192987e+00 2.535222696e-01 -2.451560238e-01 3.670711305e-02 -2.573433391e-01 6.829849320e-02 -2.299196197e-01 -2.255828427e-01 -2.712669171e-01
      1 9.960198635e-01 1.500002015e-01 7.342421997e-02 6.532897454e+00 6.737424339e+00 -3.522335120e-01 -8.448549777e-01 8.702163085e-02 -1.350899299e-01 1.759962465e-01 -7.130624990e-02 -4.531672275e-01 -4.879872713e-01
      2 2.342706892e-02 1.041908853e-01 1.115591815e-01 6.853932203e+00 6.854098210e+00 2.530305985e-01 -2.456427787e-01 3.674795161e-02 -2.572441102e-01 6.838590776e-02 -2.297908786e-01 -2.257675651e-01 -2.714428216e-01
  41    2.342804455e-02 1.041908853e-01 1.115591815e-01 6.853932203e+00 6.854098210e+00 2.530305985e-01 -2.456427787e-01 3.674795161e-02 -2.572441102e-01 6.838590776e-02 -2.297908786e-01 -2.257675651e-01 -2.714428216e-01       105         32      18302   3
      0 2.342701924e-02 1.041908853e-01 1.115591815e-01 6.853932203e+00 6.853932203e+00 2.530305985e-01 -2.456427787e-01 3.674795161e-02 -2.572441102e-01 6.838590776e-02 -2.297908786e-01 -2.257675651e-01 -2.714428216e-01
      1 7.172195201e-02 1.088114815e-01 8.733285644e-02 6.009937597e+00 6.546653150e+00 1.401605293e-01 -4.077455413e-01 1.702877765e-01 -3.524189064e-01 3.496150946e-01 -2.480406838e-01 -3.901595381e-01 -4.138812544e-01
      2 2.342446903e-02 1.042225864e-01 1.113929690e-01 6.848141707e+00 6.851824016e+00 2.522562171e-01 -2.467549368e-01 3.766414445e-02 -2.578970874e-01 7.031537088e-02 -2.299160873e-01 -2.268954290e-01 -2.724200662e-01
  42    2.342701924e-02 1.042225864e-01 1.113929690e-01 6.848141707e+00 6.851824016e+00 2.522562171e-01 -2.467549368e-01 3.766414445e-02 -2.578970874e-01 7.031537088e-02 -2.299160873e-01 -2.268954290e-01 -2.724200662e-01       104         32      18302   3
      0 2.342379734e-02 1.042225864e-01 1.113929690e-01 6.848141707e+00 6.848141707e+00 2.522562171e-01 -2.467549368e-01 3.766414445e-02 -2.578970874e-01 7.031537088e-02 -2.299160873e-01 -2.268954290e-01 -2.724200662e-01
      1 8.555801544e-01 4.331771123e-02 1.360255857e-01 6.657267236e+00 6.778392447e+00 7.286350639e-01 5.138846511e-01 6.770966349e-02 -4.196252281e-01 1.316298695e-01 -4.761418795e-01 -1.830292860e-02 -1.544359369e-01
      2 2.342117996e-02 1.041337461e-01 1.114288999e-01 6.847863283e+00 6.848039965e+00 2.529510980e-01 -2.456454125e-01 3.770797103e-02 -2.581329959e-01 7.040480867e-02 -2.302752502e-01 -2.265911608e-01 -2.722479659e-01
  43    2.342379734e-02 1.041337461e-01 1.114288999e-01 6.847863283e+00 6.848039965e+00 2.529510980e-01 -2.456454125e-01 3.770797103e-02 -2.581329959e-01 7.040480867e-02 -2.302752502e-01 -2.265911608e-01 -2.722479659e-01       104         32      18302   3
      0 2.342108405e-02 1.041337461e-01 1.114288999e-01 6.847863283e+00 6.847863283e+00 2.529510980e-01 -2.456454125e-01 3.770797103e-02 -2.581329959e-01 7.040480867e-02 -2.302752502e-01 -2.265911608e-01 -2.722479659e-01
      1 3.600943625e-02 1.000200448e-01 1.127539697e-01 5.979610707e+00 6.532032027e+00 3.224676852e-01 -1.583447348e-01 1.708398513e-01 -3.859155668e-01 3.507857893e-01 -3.303205463e-01 -2.921228706e-01 -3.555906010e-01
      2 2.341237480e-02 1.040342644e-01 1.114609441e-01 6.826866316e+00 6.840225531e+00 2.546322189e-01 -2.435342187e-01 4.092750164e-02 -2.612231640e-01 7.718526687e-02 -2.326946473e-01 -2.281759153e-01 -2.742634424e-01
  44    2.342108405e-02 1.040342644e-01 1.114609441e-01 6.826866316e+00 6.840225531e+00 2.546322189e-01 -2.435342187e-01 4.092750164e-02 -2.612231640e-01 7.718526687e-02 -2.326946473e-01 -2.281759153e-01 -2.742634424e-01       105         32      18302   3
      0 2.340990576e-02 1.040342644e-01 1.114609441e-01 6.826866316e+00 6.826866316e+00 2.546322189e-01 -2.435342187e-01 4.092750164e-02 -2.612231640e-01 7.718526687e-02 -2.326946473e-01 -2.281759153e-01 -2.742634424e-01
      1 1.127131048e+00 1.625726521e-01 8.223971741e-02 6.723699904e+00 6.789734321e+00 -3.488104767e-01 -9.294147523e-01 5.425175718e-02 -9.695281821e-02 1.075184340e-01 -2.796593905e-02 -4.428803772e-01 -4.559991215e-01
      2 2.340157044e-02 1.041621428e-01 1.113971097e-01 6.826640947e+00 6.826785200e+00 2.533139846e-01 -2.450325402e-01 4.095660877e-02 -2.608643118e-01 7.725153036e-02 -2.322474128e-01 -2.286449420e-01 -2.746604481e-01
  45    2.340990576e-02 1.041621428e-01 1.113971097e-01 6.826640947e+00 6.826785200e+00 2.533139846e-01 -2.450325402e-01 4.095660877e-02 -2.608643118e-01 7.725153036e-02 -2.322474128e-01 -2.286449420e-01 -2.746604481e-01       104         32      18302   3
      0 2.340130380e-02 1.041621428e-01 1.113971097e-01 6.826640947e+00 6.826640947e+00 2.533139846e-01 -2.450325402e-01 4.095660877e-02 -2.608643118e-01 7.725153036e-02 -2.322474128e-01 -2.286449420e-01 -2.746604481e-01
      1 8.738883580e-01 1.648688178e-01 9.257706132e-02 6.414015341e+00 6.677421960e+00 -2.531417697e-01 -8.839279924e-01 9.640272765e-02 -1.448857305e-01 1.968830207e-01 -5.747369158e-02 -4.463197076e-01 -4.478202739e-01
      2 2.340062529e-02 1.042107125e-01 1.113820523e-01 6.826310817e+00 6.826521561e+00 2.529087836e-01 -2.455437025e-01 4.100096965e-02 -2.607715206e-01 7.734724415e-02 -2.321075813e-01 -2.288190975e-01 -2.747989884e-01
  46    2.340130380e-02 1.042107125e-01 1.113820523e-01 6.826310817e+00 6.826521561e+00 2.529087836e-01 -2.455437025e-01 4.100096965e-02 -2.607715206e-01 7.734724415e-02 -2.321075813e-01 -2.288190975e-01 -2.747989884e-01       104         32      18302   3
      0 2.340056581e-02 1.042107125e-01 1.113820523e-01 6.826310817e+00 6.826310817e+00 2.529087836e-01 -2.455437025e-01 4.100096965e-02 -2.607715206e-01 7.734724415e-02 -2.321075813e-01 -2.288190975e-01 -2.747989884e-01
      1 9.267085768e-02 1.057175114e-01 1.352381377e-01 5.965094476e+00 6.514259375e+00 4.196774508e-01 -5.597793386e-02 1.580606125e-01 -3.674195881e-01 3.255634183e-01 -3.313249347e-01 -2.207838017e-01 -2.787069073e-01
      2 2.339891331e-02 1.042175940e-01 1.114910017e-01 6.822377691e+00 6.824885696e+00 2.536704065e-01 -2.446779666e-01 4.153557429e-02 -2.612585761e-01 7.848083309e-02 -2.325607012e-01 -2.287824007e-01 -2.748168356e-01
  47    2.340056581e-02 1.042175940e-01 1.114910017e-01 6.822377691e+00 6.824885696e+00 2.536704065e-01 -2.446779666e-01 4.153557429e-02 -2.612585761e-01 7.848083309e-02 -2.325607012e-01 -2.287824007e-01 -2.748168356e-01       104         32      18302   3
      0 2.339844090e-02 1.042175940e-01 1.114910017e-01 6.822377691e+00 6.822377691e+00 2.536704065e-01 -2.446779666e-01 4.153557429e-02 -2.612585761e-01 7.848083309e-02 -2.325607012e-01 -2.287824007e-01 -2.748168356e-01
      1 1.062576362e+00 1.605644199e-01 8.263786413e-02 6.582445421e+00 6.735777688e+00 -3.541630871e-01 -8.898412910e-01 7.274222538e-02 -1.035176639e-01 1.468091943e-01 -4.592632649e-02 -4.378474610e-01 -4.649820293e-01
      2 2.339682090e-02 1.042738104e-01 1.114622153e-01 6.822138314e+00 6.822291292e+00 2.530639797e-01 -2.453216369e-01 4.156670872e-02 -2.611012003e-01 7.854900333e-02 -2.323744987e-01 -2.289909820e-01 -2.750065607e-01
  48    2.339844090e-02 1.042738104e-01 1.114622153e-01 6.822138314e+00 6.822291292e+00 2.530639797e-01 -2.453216369e-01 4.156670872e-02 -2.611012003e-01 7.854900333e-02 -2.323744987e-01 -2.289909820e-01 -2.750065607e-01       105         32      18302   3
      0 2.339674724e-02 1.042738104e-01 1.114622153e-01 6.822138314e+00 6.822138314e+00 2.530639797e-01 -2.453216369e-01 4.156670872e-02 -2.611012003e-01 7.854900333e-02 -2.323744987e-01 -2.289909820e-01 -2.750065607e-01
      1 2.980753087e-01 1.449037058e-01 1.038334934e-01 6.055282301e+00 6.544721678e+00 -4.163490459e-02 -6.208643062e-01 1.429368710e-01 -2.230386746e-01 2.952385792e-01 -1.533239698e-01 -3.820159466e-01 -4.055381132e-01
      2 2.339617046e-02 1.043319472e-01 1.114512995e-01 6.821041030e+00 6.821741363e+00 2.526422990e-01 -2.458589958e-01 4.171175792e-02 -2.610467371e-01 7.885906152e-02 -2.322613864e-01 -2.292099433e-01 -2.751933365e-01
  49    2.339674724e-02 1.043319472e-01 1.114512995e-01 6.821041030e+00 6.821741363e+00 2.526422990e-01 -2.458589958e-01 4.171175792e-02 -2.610467371e-01 7.885906152e-02 -2.322613864e-01 -2.292099433e-01 -2.751933365e-01       105         32      18302   3
      0 2.339603348e-02 1.043319472e-01 1.114512995e-01 6.821041030e+00 6.821041030e+00 2.526422990e-01 -2.458589958e-01 4.171175792e-02 -2.610467371e-01 7.885906152e-02 -2.322613864e-01 -2.292099433e-01 -2.751933365e-01
      1 7.032114717e-01 5.872188726e-02 1.413584781e-01 6.369727137e+00 6.657447600e+00 7.474327843e-01 3.771658373e-01 1.018597978e-01 -4.288359728e-01 2.050798736e-01 -4.422549723e-01 -6.299922830e-02 -1.561359581e-01
      2 2.339543781e-02 1.042963531e-01 1.114746390e-01 6.820688825e+00 6.820913362e+00 2.530284333e-01 -2.453727875e-01 4.175869742e-02 -2.611776798e-01 7.895756419e-02 -2.324252653e-01 -2.290802326e-01 -2.751004242e-01
  50    2.339603348e-02 1.042963531e-01 1.114746390e-01 6.820688825e+00 6.820913362e+00 2.530284333e-01 -2.453727875e-01 4.175869742e-02 -2.611776798e-01 7.895756419e-02 -2.324252653e-01 -2.290802326e-01 -2.751004242e-01       105         32      18302   3
      0 2.339538792e-02 1.042963531e-01 1.114746390e-01 6.820688825e+00 6.820688825e+00 2.530284333e-01 -2.453727875e-01 4.175869742e-02 -2.611776798e-01 7.895756419e-02 -2.324252653e-01 -2.290802326e-01 -2.751004242e-01
      1 1.550570005e-01 1.346129118e-01 1.073062590e-01 5.983423736e+00 6.517814226e+00 3.099310888e-02 -4.940725382e-01 1.517352185e-01 -2.467793547e-01 3.137044314e-01 -1.935255262e-01 -3.465988867e-01 -3.866099114e-01
      2 2.339440274e-02 1.043764547e-01 1.114636254e-01 6.818476625e+00 6.819888578e+00 2.524417774e-01 -2.460298954e-01 4.204927450e-02 -2.611396369e-01 7.957780619e-02 -2.323224855e-01 -2.293907373e-01 -2.753950517e-01
  51    2.339538792e-02 1.043764547e-01 1.114636254e-01 6.818476625e+00 6.819888578e+00 2.524417774e-01 -2.460298954e-01 4.204927450e-02 -2.611396369e-01 7.957780619e-02 -2.323224855e-01 -2.293907373e-01 -2.753950517e-01       105         32      18302   3
      0 2.339412763e-02 1.043764547e-01 1.114636254e-01 6.818476625e+00 6.818476625e+00 2.524417774e-01 -2.460298954e-01 4.204927450e-02 -2.611396369e-01 7.957780619e-02 -2.323224855e-01 -2.293907373e-01 -2.753950517e-01
      1 8.278608867e-01 5.530839478e-02 1.437017109e-01 6.498610206e+00 6.702492143e+00 8.321104939e-01 3.896966016e-01 8.430428587e-02 -4.433108558e-01 1.676425349e-01 -4.403400713e-01 -5.118011746e-02 -1.241848384e-01
      2 2.339313143e-02 1.043329840e-01 1.114921860e-01 6.818193247e+00 6.818373871e+00 2.529553219e-01 -2.454666878e-01 4.208670937e-02 -2.613010274e-01 7.965582516e-02 -2.325067740e-01 -2.292328556e-01 -2.752610904e-01
  52    2.339412763e-02 1.043329840e-01 1.114921860e-01 6.818193247e+00 6.818373871e+00 2.529553219e-01 -2.454666878e-01 4.208670937e-02 -2.613010274e-01 7.965582516e-02 -2.325067740e-01 -2.292328556e-01 -2.752610904e-01       104         32      18302   3
      0 2.339307912e-02 1.043329840e-01 1.114921860e-01 6.818193247e+00 6.818193247e+00 2.529553219e-01 -2.454666878e-01 4.208670937e-02 -2.613010274e-01 7.965582516e-02 -2.325067740e-01 -2.292328556e-01 -2.752610904e-01
      1 2.549442477e-02 1.096397318e-01 1.170428197e-01 5.919312183e+00 6.493046176e+00 2.391245998e-01 -1.967982757e-01 1.588916365e-01 -3.072974264e-01 3.282609623e-01 -2.841316802e-01 -2.582072854e-01 -3.263014558e-01
      2 2.335483833e-02 1.049207571e-01 1.121069719e-01 6.718633559e+00 6.782180094e+00 2.514234369e-01 -2.400761950e-01 5.502397390e-02 -2.663955692e-01 1.071912254e-01 -2.382247268e-01 -2.324420512e-01 -2.809142997e-01
  53    2.339307912e-02 1.049207571e-01 1.121069719e-01 6.718633559e+00 6.782180094e+00 2.514234369e-01 -2.400761950e-01 5.502397390e-02 -2.663955692e-01 1.071912254e-01 -2.382247268e-01 -2.324420512e-01 -2.809142997e-01       105         32      18302   3
      0 2.334420580e-02 1.049207571e-01 1.121069719e-01 6.718633559e+00 6.718633559e+00 2.514234369e-01 -2.400761950e-01 5.502397390e-02 -2.663955692e-01 1.071912254e-01 -2.382247268e-01 -2.324420512e-01 -2.809142997e-01
      1 8.926817689e-01 1.715801005e-01 1.222048706e-01 6.669729254e+00 6.701754099e+00 5.599377598e-01 -1.110723496e+00 5.738395146e-02 -3.371047426e-01 1.135455194e-01 1.760758485e-02 -4.831260777e-01 -2.019724217e-01
      2 2.330728592e-02 1.052302704e-01 1.121538585e-01 6.718406486e+00 6.718555184e+00 2.528559336e-01 -2.441187928e-01 5.503493177e-02 -2.667238867e-01 1.072207297e-01 -2.370368438e-01 -2.336060297e-01 -2.805477561e-01
  54    2.334420580e-02 1.052302704e-01 1.121538585e-01 6.718406486e+00 6.718555184e+00 2.528559336e-01 -2.441187928e-01 5.503493177e-02 -2.667238867e-01 1.072207297e-01 -2.370368438e-01 -2.336060297e-01 -2.805477561e-01       104         32      18302   3
      0 2.330590310e-02 1.052302704e-01 1.121538585e-01 6.718406486e+00 6.718406486e+00 2.528559336e-01 -2.441187928e-01 5.503493177e-02 -2.667238867e-01 1.072207297e-01 -2.370368438e-01 -2.336060297e-01 -2.805477561e-01
      1 7.684250672e-01 1.666799538e-01 1.016238672e-01 6.477384061e+00 6.633337023e+00 3.462979558e-01 -1.128187018e+00 6.910872670e-02 -2.646463117e-01 1.400082671e-01 3.711363362e-02 -4.846389924e-01 -2.485641556e-01
      2 2.330433310e-02 1.052910990e-01 1.121434350e-01 6.718167900e+00 6.718322276e+00 2.529484312e-01 -2.449939257e-01 5.504886332e-02 -2.667218301e-01 1.072531859e-01 -2.367654642e-01 -2.338545254e-01 -2.805160957e-01
  55    2.330590310e-02 1.052910990e-01 1.121434350e-01 6.718167900e+00 6.718322276e+00 2.529484312e-01 -2.449939257e-01 5.504886332e-02 -2.667218301e-01 1.072531859e-01 -2.367654642e-01 -2.338545254e-01 -2.805160957e-01       104         32      18302   3
      0 2.330426331e-02 1.052910990e-01 1.121434350e-01 6.718167900e+00 6.718167900e+00 2.529484312e-01 -2.449939257e-01 5.504886332e-02 -2.667218301e-01 1.072531859e-01 -2.367654642e-01 -2.338545254e-01 -2.805160957e-01
      1 2.474782762e-01 1.092870100e-01 6.426806531e-02 5.909226570e+00 6.431529002e+00 1.509210902e-01 -6.759513755e-01 1.040747047e-01 -1.751961129e-01 2.175133371e-01 -5.975412578e-02 -3.351755784e-01 -2.587586574e-01
      2 2.330367479e-02 1.052973372e-01 1.120686950e-01 6.716905032e+00 6.717720417e+00 2.527891526e-01 -2.456667089e-01 5.512539934e-02 -2.665789460e-01 1.074253170e-01 -2.364891254e-01 -2.340127014e-01 -2.804821294e-01
  56    2.330426331e-02 1.052973372e-01 1.120686950e-01 6.716905032e+00 6.717720417e+00 2.527891526e-01 -2.456667089e-01 5.512539934e-02 -2.665789460e-01 1.074253170e-01 -2.364891254e-01 -2.340127014e-01 -2.804821294e-01       105         32      18302   3
      0 2.330355324e-02 1.052973372e-01 1.120686950e-01 6.716905032e+00 6.716905032e+00 2.527891526e-01 -2.456667089e-01 5.512539934e-02 -2.665789460e-01 1.074253170e-01 -2.364891254e-01 -2.340127014e-01 -2.804821294e-01
      1 6.305243939e-01 2.578284959e-02 1.027016082e-01 6.288660323e+00 6.564775989e+00 4.023076027e-01 5.571133426e-01 8.168186779e-02 -2.856369541e-01 1.651376014e-01 -4.506328517e-01 1.821755461e-02 -2.007039967e-01
      2 2.330294175e-02 1.052403224e-01 1.120619785e-01 6.716597965e+00 6.716795950e+00 2.528963627e-01 -2.450910867e-01 5.514444128e-02 -2.665926113e-01 1.074666988e-01 -2.366426742e-01 -2.338318432e-01 -2.804249256e-01
  57    2.330355324e-02 1.052403224e-01 1.120619785e-01 6.716597965e+00 6.716795950e+00 2.528963627e-01 -2.450910867e-01 5.514444128e-02 -2.665926113e-01 1.074666988e-01 -2.366426742e-01 -2.338318432e-01 -2.804249256e-01       110         32      18302   3
      0 2.330287722e-02 1.052403224e-01 1.120619785e-01 6.716597965e+00 6.716597965e+00 2.528963627e-01 -2.450910867e-01 5.514444128e-02 -2.665926113e-01 1.074666988e-01 -2.366426742e-01 -2.338318432e-01 -2.804249256e-01
      1 5.273623753e-02 8.820328291e-02 7.523799917e-02 5.804057102e+00 6.393188623e+00 3.108970716e-01 -3.938314822e-01 1.102007077e-01 -2.160175986e-01 2.304723080e-01 -1.417111805e-01 -2.466759896e-01 -2.052906911e-01
      2 2.329959136e-02 1.050761399e-01 1.117071132e-01 6.707803992e+00 6.713481334e+00 2.534553039e-01 -2.465244679e-01 5.567500745e-02 -2.661052300e-01 1.086520791e-01 -2.357278385e-01 -2.339556196e-01 -2.797008721e-01
  58    2.330287722e-02 1.050761399e-01 1.117071132e-01 6.707803992e+00 6.713481334e+00 2.534553039e-01 -2.465244679e-01 5.567500745e-02 -2.661052300e-01 1.086520791e-01 -2.357278385e-01 -2.339556196e-01 -2.797008721e-01       106         32      18302   3
      0 2.329862670e-02 1.050761399e-01 1.117071132e-01 6.707803992e+00 6.707803992e+00 2.534553039e-01 -2.465244679e-01 5.567500745e-02 -2.661052300e-01 1.086520791e-01 -2.357278385e-01 -2.339556196e-01 -2.797008721e-01
      1 7.887762198e-01 3.848984680e-02 9.559888221e-02 6.548665522e+00 6.651161552e+00 -1.053826818e-01 5.924789483e-01 6.535070274e-02 -1.684874513e-01 1.292111361e-01 -4.724679591e-01 1.401483408e-02 -3.603307930e-01
      2 2.329526585e-02 1.049746141e-01 1.116825526e-01 6.707561350e+00 6.707717628e+00 2.529081746e-01 -2.452452183e-01 5.568976022e-02 -2.659563897e-01 1.086834260e-01 -2.360888021e-01 -2.335775328e-01 -2.798238106e-01
  59    2.329862670e-02 1.049746141e-01 1.116825526e-01 6.707561350e+00 6.707717628e+00 2.529081746e-01 -2.452452183e-01 5.568976022e-02 -2.659563897e-01 1.086834260e-01 -2.360888021e-01 -2.335775328e-01 -2.798238106e-01       105         32      18302   3
      0 2.329512535e-02 1.049746141e-01 1.116825526e-01 6.707561350e+00 6.707561350e+00 2.529081746e-01 -2.452452183e-01 5.568976022e-02 -2.659563897e-01 1.086834260e-01 -2.360888021e-01 -2.335775328e-01 -2.798238106e-01
      1 2.423188664e-01 6.896861991e-02 1.124511227e-01 5.898181308e+00 6.420894523e+00 2.995469876e-01 2.074702750e-01 1.022887246e-01 -2.354309013e-01 2.116036364e-01 -3.392284568e-01 -7.274547234e-02 -2.157771076e-01
      2 2.329455673e-02 1.049236907e-01 1.116836395e-01 6.706416640e+00 6.707155916e+00 2.529741360e-01 -2.446049410e-01 5.575566533e-02 -2.659132174e-01 1.088289865e-01 -2.362346729e-01 -2.333500674e-01 -2.797332291e-01
  60    2.329512535e-02 1.049236907e-01 1.116836395e-01 6.706416640e+00 6.707155916e+00 2.529741360e-01 -2.446049410e-01 5.575566533e-02 -2.659132174e-01 1.088289865e-01 -2.362346729e-01 -2.333500674e-01 -2.797332291e-01       106         32      18302   3
      0 2.329443194e-02 1.049236907e-01 1.116836395e-01 6.706416640e+00 6.706416640e+00 2.529741360e-01 -2.446049410e-01 5.575566533e-02 -2.659132174e-01 1.088289865e-01 -2.362346729e-01 -2.333500674e-01 -2.797332291e-01
      1 6.380976810e-01 1.696881291e-01 1.062397988e-01 6.239617951e+00 6.541559171e+00 2.243292351e-01 -1.039752753e+00 8.164861925e-02 -2.219757075e-01 1.678209970e-01 1.583896811e-02 -4.522691179e-01 -2.714459424e-01
      2 2.329391272e-02 1.049639388e-01 1.116802564e-01 6.706126546e+00 6.706314189e+00 2.529563345e-01 -2.450990893e-01 5.577175662e-02 -2.658859123e-01 1.088656473e-01 -2.360780206e-01 -2.334861157e-01 -2.797280789e-01
  61    2.329443194e-02 1.049639388e-01 1.116802564e-01 6.706126546e+00 6.706314189e+00 2.529563345e-01 -2.450990893e-01 5.577175662e-02 -2.658859123e-01 1.088656473e-01 -2.360780206e-01 -2.334861157e-01 -2.797280789e-01       105         32      18302   3
      0 2.329386209e-02 1.049639388e-01 1.116802564e-01 6.706126546e+00 6.706126546e+00 2.529563345e-01 -2.450990893e-01 5.577175662e-02 -2.658859123e-01 1.088656473e-01 -2.360780206e-01 -2.334861157e-01 -2.797280789e-01
      1 3.495898292e-02 1.015527296e-01 1.040494305e-01 5.780268085e+00 6.378465554e+00 1.680123258e-01 -1.926251050e-01 1.082494667e-01 -1.894670653e-01 2.256588658e-01 -2.169216033e-01 -1.885302625e-01 -2.521036007e-01
      2 2.328557757e-02 1.048795355e-01 1.114914473e-01 6.683218076e+00 6.698019247e+00 2.508545692e-01 -2.438007281e-01 5.707020999e-02 -2.639950845e-01 1.117554561e-01 -2.356040343e-01 -2.323737752e-01 -2.790445678e-01
  62    2.329386209e-02 1.048795355e-01 1.114914473e-01 6.683218076e+00 6.698019247e+00 2.508545692e-01 -2.438007281e-01 5.707020999e-02 -2.639950845e-01 1.117554561e-01 -2.356040343e-01 -2.323737752e-01 -2.790445678e-01       107         32      18302   3
      0 2.328253321e-02 1.048795355e-01 1.114914473e-01 6.683218076e+00 6.683218076e+00 2.508545692e-01 -2.438007281e-01 5.707020999e-02 -2.639950845e-01 1.117554561e-01 -2.356040343e-01 -2.323737752e-01 -2.790445678e-01
      1 9.874086483e-01 1.401759782e-01 1.489046942e-01 6.583222422e+00 6.648008409e+00 1.046332910e+00 -7.220043981e-01 6.170569912e-02 -4.711839377e-01 1.218576140e-01 -1.038836018e-01 -3.612415298e-01 -6.077160979e-02
      2 2.327437290e-02 1.049595622e-01 1.115762734e-01 6.682991359e+00 6.683138247e+00 2.526581363e-01 -2.448849467e-01 5.708071991e-02 -2.644648384e-01 1.117783605e-01 -2.353053880e-01 -2.326659537e-01 -2.785496833e-01
  63    2.328253321e-02 1.049595622e-01 1.115762734e-01 6.682991359e+00 6.683138247e+00 2.526581363e-01 -2.448849467e-01 5.708071991e-02 -2.644648384e-01 1.117783605e-01 -2.353053880e-01 -2.326659537e-01 -2.785496833e-01       111         32      18302   3
      0 2.327426160e-02 1.049595622e-01 1.115762734e-01 6.682991359e+00 6.682991359e+00 2.526581363e-01 -2.448849467e-01 5.708071991e-02 -2.644648384e-01 1.117783605e-01 -2.353053880e-01 -2.326659537e-01 -2.785496833e-01
      1 6.547807141e-01 1.292069736e-01 1.380378615e-01 6.101451289e+00 6.478019564e+00 8.915733780e-01 -6.052718231e-01 8.523014509e-02 -4.132793581e-01 1.738198954e-01 -1.327005186e-01 -3.178798996e-01 -8.923066236e-02
      2 2.327388837e-02 1.049735892e-01 1.115915813e-01 6.682654940e+00 6.682872783e+00 2.530277471e-01 -2.450934296e-01 5.709700428e-02 -2.645509272e-01 1.118142514e-01 -2.352460314e-01 -2.327152497e-01 -2.784401627e-01
  64    2.327426160e-02 1.049735892e-01 1.115915813e-01 6.682654940e+00 6.682872783e+00 2.530277471e-01 -2.450934296e-01 5.709700428e-02 -2.645509272e-01 1.118142514e-01 -2.352460314e-01 -2.327152497e-01 -2.784401627e-01       106         32      18302   3
      0 2.327384131e-02 1.049735892e-01 1.115915813e-01 6.682654940e+00 6.682654940e+00 2.530277471e-01 -2.450934296e-01 5.709700428e-02 -2.645509272e-01 1.118142514e-01 -2.352460314e-01 -2.327152497e-01 -2.784401627e-01
      1 1.498465295e-01 8.860014505e-02 9.163458718e-02 5.805643290e+00 6.373308180e+00 -2.367641450e-02 -7.771192121e-02 9.980388300e-02 -1.603146232e-01 2.062118975e-01 -2.738793346e-01 -1.675739942e-01 -3.291461821e-01
      2 2.327297664e-02 1.049339621e-01 1.115432813e-01 6.680532389e+00 6.681906256e+00 2.523580656e-01 -2.446883316e-01 5.720036379e-02 -2.642986537e-01 1.120427132e-01 -2.353395320e-01 -2.325575944e-01 -2.785628818e-01
  65    2.327384131e-02 1.049339621e-01 1.115432813e-01 6.680532389e+00 6.681906256e+00 2.523580656e-01 -2.446883316e-01 5.720036379e-02 -2.642986537e-01 1.120427132e-01 -2.353395320e-01 -2.325575944e-01 -2.785628818e-01       106         32      18302   3
      0 2.327269494e-02 1.049339621e-01 1.115432813e-01 6.680532389e+00 6.680532389e+00 2.523580656e-01 -2.446883316e-01 5.720036379e-02 -2.642986537e-01 1.120427132e-01 -2.353395320e-01 -2.325575944e-01 -2.785628818e-01
      1 8.874563882e-01 1.385826543e-01 1.453942585e-01 6.351692217e+00 6.564736785e+00 9.972641081e-01 -7.024609649e-01 7.274091757e-02 -4.507191935e-01 1.462271314e-01 -1.059547692e-01 -3.526209745e-01 -6.780646624e-02
      2 2.327185499e-02 1.049599931e-01 1.115694687e-01 6.680277995e+00 6.680442809e+00 2.529343327e-01 -2.450424693e-01 5.721238612e-02 -2.644428706e-01 1.120691587e-01 -2.352394386e-01 -2.326504767e-01 -2.783998384e-01
  66    2.327269494e-02 1.049599931e-01 1.115694687e-01 6.680277995e+00 6.680442809e+00 2.529343327e-01 -2.450424693e-01 5.721238612e-02 -2.644428706e-01 1.120691587e-01 -2.352394386e-01 -2.326504767e-01 -2.783998384e-01       106         32      18302   3
      0 2.327181367e-02 1.049599931e-01 1.115694687e-01 6.680277995e+00 6.680277995e+00 2.529343327e-01 -2.450424693e-01 5.721238612e-02 -2.644428706e-01 1.120691587e-01 -2.352394386e-01 -2.326504767e-01 -2.783998384e-01
      1 2.671236713e-02 1.044056070e-01 1.083206594e-01 5.745387672e+00 6.350694583e+00 3.059505628e-01 -2.671421440e-01 1.019670675e-01 -2.479830981e-01 2.108212967e-01 -2.183739706e-01 -2.225642927e-01 -2.379917368e-01
      2 2.324660933e-02 1.049177195e-01 1.113217376e-01 6.608989901e+00 6.655146306e+00 2.569769737e-01 -2.467276334e-01 6.062506016e-02 -2.631877653e-01 1.195992951e-01 -2.339533978e-01 -2.318813759e-01 -2.753186037e-01
  67    2.327181367e-02 1.049177195e-01 1.113217376e-01 6.608989901e+00 6.655146306e+00 2.569769737e-01 -2.467276334e-01 6.062506016e-02 -2.631877653e-01 1.195992951e-01 -2.339533978e-01 -2.318813759e-01 -2.753186037e-01       106         32      18302   3
      0 2.323691929e-02 1.049177195e-01 1.113217376e-01 6.608989901e+00 6.608989901e+00 2.569769737e-01 -2.467276334e-01 6.062506016e-02 -2.631877653e-01 1.195992951e-01 -2.339533978e-01 -2.318813759e-01 -2.753186037e-01
      1 8.814553673e-01 7.837045470e-02 6.982534618e-02 6.552759662e+00 6.588956564e+00 -5.944096568e-01 1.346967972e-01 6.224512379e-02 -3.756751701e-02 1.233938167e-01 -3.324006356e-01 -1.338170500e-01 -5.064816127e-01
      2 2.321175305e-02 1.047993883e-01 1.111367724e-01 6.608739262e+00 6.608900605e+00 2.531820200e-01 -2.450274798e-01 6.063228140e-02 -2.621820901e-01 1.196162087e-01 -2.343922146e-01 -2.314442660e-01 -2.763489850e-01
  68    2.323691929e-02 1.047993883e-01 1.111367724e-01 6.608739262e+00 6.608900605e+00 2.531820200e-01 -2.450274798e-01 6.063228140e-02 -2.621820901e-01 1.196162087e-01 -2.343922146e-01 -2.314442660e-01 -2.763489850e-01       106         32      18302   3
      0 2.321163004e-02 1.047993883e-01 1.111367724e-01 6.608739262e+00 6.608739262e+00 2.531820200e-01 -2.450274798e-01 6.063228140e-02 -2.621820901e-01 1.196162087e-01 -2.343922146e-01 -2.314442660e-01 -2.763489850e-01
      1 3.159890085e-01 1.345920588e-01 1.023387726e-01 5.806196540e+00 6.328561077e+00 -2.350317644e-01 -2.567870755e-01 8.157095709e-02 -1.477454420e-01 1.645169676e-01 -1.832634735e-01 -2.946563356e-01 -4.020836385e-01
      2 2.321114535e-02 1.048378570e-01 1.111254123e-01 6.607703007e+00 6.608377492e+00 2.525516315e-01 -2.450426640e-01 6.065931771e-02 -2.620343279e-01 1.196741852e-01 -2.343261964e-01 -2.315258863e-01 -2.765113354e-01
  69    2.321163004e-02 1.048378570e-01 1.111254123e-01 6.607703007e+00 6.608377492e+00 2.525516315e-01 -2.450426640e-01 6.065931771e-02 -2.620343279e-01 1.196741852e-01 -2.343261964e-01 -2.315258863e-01 -2.765113354e-01       105         32      18302   3
      0 2.321099974e-02 1.048378570e-01 1.111254123e-01 6.607703007e+00 6.607703007e+00 2.525516315e-01 -2.450426640e-01 6.065931771e-02 -2.620343279e-01 1.196741852e-01 -2.343261964e-01 -2.315258863e-01 -2.765113354e-01
      1 6.691538280e-01 1.142050002e-01 1.598563223e-01 6.131585090e+00 6.441437446e+00 1.052312556e+00 -2.348838488e-01 7.311077203e-02 -4.882700172e-01 1.451620193e-01 -2.298795226e-01 -2.447387386e-01 -5.001033858e-02
      2 2.321052684e-02 1.048434814e-01 1.111546722e-01 6.607417128e+00 6.607603175e+00 2.530318380e-01 -2.450365642e-01 6.066679403e-02 -2.621701683e-01 1.196894891e-01 -2.343235265e-01 -2.315338198e-01 -2.763753357e-01
  70    2.321099974e-02 1.048434814e-01 1.111546722e-01 6.607417128e+00 6.607603175e+00 2.530318380e-01 -2.450365642e-01 6.066679403e-02 -2.621701683e-01 1.196894891e-01 -2.343235265e-01 -2.315338198e-01 -2.763753357e-01       105         32      18302   3
      0 2.321048683e-02 1.048434814e-01 1.111546722e-01 6.607417128e+00 6.607417128e+00 2.530318380e-01 -2.450365642e-01 6.066679403e-02 -2.621701683e-01 1.196894891e-01 -2.343235265e-01 -2.315338198e-01 -2.763753357e-01
      1 4.068243439e-02 1.211448402e-01 1.217512908e-01 5.674884408e+00 6.281862442e+00 1.591743899e-01 -1.386910843e-01 8.481694081e-02 -2.544112490e-01 1.708399810e-01 -2.324547938e-01 -2.495169382e-01 -2.940835251e-01
      2 2.320508035e-02 1.051089878e-01 1.113272633e-01 6.592228615e+00 6.602114696e+00 2.515031463e-01 -2.433044752e-01 6.106013660e-02 -2.620437958e-01 1.205225965e-01 -2.342930897e-01 -2.318267176e-01 -2.766637556e-01
  71    2.321048683e-02 1.051089878e-01 1.113272633e-01 6.592228615e+00 6.602114696e+00 2.515031463e-01 -2.433044752e-01 6.106013660e-02 -2.620437958e-01 1.205225965e-01 -2.342930897e-01 -2.318267176e-01 -2.766637556e-01       105         32      18302   3
      0 2.320320728e-02 1.051089878e-01 1.113272633e-01 6.592228615e+00 6.592228615e+00 2.515031463e-01 -2.433044752e-01 6.106013660e-02 -2.620437958e-01 1.205225965e-01 -2.342930897e-01 -2.318267176e-01 -2.766637556e-01
      1 1.000319820e+00 1.505802871e-01 1.411033457e-01 6.467657252e+00 6.549026021e+00 9.267397789e-01 -8.809286541e-01 6.344314207e-02 -4.349484847e-01 1.259025160e-01 -6.842074612e-02 -4.013435948e-01 -1.006754204e-01
      2 2.319804880e-02 1.051840627e-01 1.113764248e-01 6.592022943e+00 6.592157286e+00 2.526179893e-01 -2.443572186e-01 6.106407104e-02 -2.623292685e-01 1.205314789e-01 -2.340192278e-01 -2.321065968e-01 -2.763731918e-01
  72    2.320320728e-02 1.051840627e-01 1.113764248e-01 6.592022943e+00 6.592157286e+00 2.526179893e-01 -2.443572186e-01 6.106407104e-02 -2.623292685e-01 1.205314789e-01 -2.340192278e-01 -2.321065968e-01 -2.763731918e-01       105         32      18302   3
      0 2.319792876e-02 1.051840627e-01 1.113764248e-01 6.592022943e+00 6.592022943e+00 2.526179893e-01 -2.443572186e-01 6.106407104e-02 -2.623292685e-01 1.205314789e-01 -2.340192278e-01 -2.321065968e-01 -2.763731918e-01
      1 7.739575073e-01 1.361464100e-01 1.281732284e-01 6.115125621e+00 6.426127845e+00 8.079220489e-01 -8.506465705e-01 7.118294081e-02 -3.940614816e-01 1.426025600e-01 -1.134999837e-01 -3.666750390e-01 -1.449154777e-01
      2 2.319746282e-02 1.052021555e-01 1.113862400e-01 6.591744270e+00 6.591926003e+00 2.529424795e-01 -2.447115019e-01 6.106998397e-02 -2.624062458e-01 1.205443761e-01 -2.339488027e-01 -2.321852315e-01 -2.762963749e-01
  73    2.319792876e-02 1.052021555e-01 1.113862400e-01 6.591744270e+00 6.591926003e+00 2.529424795e-01 -2.447115019e-01 6.106998397e-02 -2.624062458e-01 1.205443761e-01 -2.339488027e-01 -2.321852315e-01 -2.762963749e-01       105         32      18302   3
      0 2.319742553e-02 1.052021555e-01 1.113862400e-01 6.591744270e+00 6.591744270e+00 2.529424795e-01 -2.447115019e-01 6.106998397e-02 -2.624062458e-01 1.205443761e-01 -2.339488027e-01 -2.321852315e-01 -2.762963749e-01
      1 3.522446337e-02 7.408414845e-02 8.917776338e-02 5.660447671e+00 6.267344314e+00 1.749525151e-01 -2.474559227e-01 8.146355765e-02 -2.187587105e-01 1.643815648e-01 -3.271411342e-01 -1.658106191e-01 -3.269589549e-01
      2 2.318935298e-02 1.044430577e-01 1.108444828e-01 6.569026067e+00 6.583830804e+00 2.510399795e-01 -2.447784497e-01 6.156746817e-02 -2.613415006e-01 1.216137477e-01 -2.362221518e-01 -2.305660783e-01 -2.775322462e-01
  74    2.319742553e-02 1.044430577e-01 1.108444828e-01 6.569026067e+00 6.583830804e+00 2.510399795e-01 -2.447784497e-01 6.156746817e-02 -2.613415006e-01 1.216137477e-01 -2.362221518e-01 -2.305660783e-01 -2.775322462e-01       105         32      18302   3
      0 2.318613978e-02 1.044430577e-01 1.108444828e-01 6.569026067e+00 6.569026067e+00 2.510399795e-01 -2.447784497e-01 6.156746817e-02 -2.613415006e-01 1.216137477e-01 -2.362221518e-01 -2.305660783e-01 -2.775322462e-01
      1 9.119599741e-01 1.426768532e-01 1.582660529e-01 6.462837170e+00 6.532022846e+00 1.101619801e+00 -5.780878720e-01 6.348835632e-02 -4.998213697e-01 1.248967735e-01 -1.078869724e-01 -3.549800258e-01 -3.212038094e-02
      2 2.317894820e-02 1.045226240e-01 1.109431693e-01 6.568805083e+00 6.568949061e+00 2.528100762e-01 -2.454720824e-01 6.157146562e-02 -2.618377885e-01 1.216205798e-01 -2.359550802e-01 -2.308249896e-01 -2.770215325e-01
  75    2.318613978e-02 1.045226240e-01 1.109431693e-01 6.568805083e+00 6.568949061e+00 2.528100762e-01 -2.454720824e-01 6.157146562e-02 -2.618377885e-01 1.216205798e-01 -2.359550802e-01 -2.308249896e-01 -2.770215325e-01       105         32      18302   3
      0 2.317883583e-02 1.045226240e-01 1.109431693e-01 6.568805083e+00 6.568805083e+00 2.528100762e-01 -2.454720824e-01 6.157146562e-02 -2.618377885e-01 1.216205798e-01 -2.359550802e-01 -2.308249896e-01 -2.770215325e-01
      1 6.522045389e-01 1.762091650e-01 1.689770862e-01 6.060104159e+00 6.391778946e+00 9.453981875e-01 -3.748076914e-01 7.127858400e-02 -4.997489293e-01 1.398911132e-01 -1.985205848e-02 -4.278224478e-01 -2.715364010e-02
      2 2.317837522e-02 1.045667829e-01 1.109789181e-01 6.568491724e+00 6.568696035e+00 2.532367098e-01 -2.455517530e-01 6.157744520e-02 -2.619843415e-01 1.216318345e-01 -2.358219610e-01 -2.309463398e-01 -2.768676142e-01
  76    2.317883583e-02 1.045667829e-01 1.109789181e-01 6.568491724e+00 6.568696035e+00 2.532367098e-01 -2.455517530e-01 6.157744520e-02 -2.619843415e-01 1.216318345e-01 -2.358219610e-01 -2.309463398e-01 -2.768676142e-01       105         32      18302   3
      0 2.317832653e-02 1.045667829e-01 1.109789181e-01 6.568491724e+00 6.568491724e+00 2.532367098e-01 -2.455517530e-01 6.157744520e-02 -2.619843415e-01 1.216318345e-01 -2.358219610e-01 -2.309463398e-01 -2.768676142e-01
      1 9.330161941e-02 1.842345535e-01 1.348549820e-01 5.728323272e+00 6.276053405e+00 1.162145314e-02 -9.628627831e-03 7.760086905e-02 -2.776648916e-01 1.527534627e-01 -1.477716647e-02 -4.222971389e-01 -2.505044806e-01
      2 2.317665990e-02 1.049223184e-01 1.110854705e-01 6.564742281e+00 6.567186651e+00 2.521584469e-01 -2.444988925e-01 6.164895336e-02 -2.620543195e-01 1.217707218e-01 -2.348354985e-01 -2.318002861e-01 -2.767499627e-01
  77    2.317832653e-02 1.049223184e-01 1.110854705e-01 6.564742281e+00 6.567186651e+00 2.521584469e-01 -2.444988925e-01 6.164895336e-02 -2.620543195e-01 1.217707218e-01 -2.348354985e-01 -2.318002861e-01 -2.767499627e-01       105         32      18302   3
      0 2.317618855e-02 1.049223184e-01 1.110854705e-01 6.564742281e+00 6.564742281e+00 2.521584469e-01 -2.444988925e-01 6.164895336e-02 -2.620543195e-01 1.217707218e-01 -2.348354985e-01 -2.318002861e-01 -2.767499627e-01
      1 9.006149920e-01 1.439336620e-01 1.534877798e-01 6.315828614e+00 6.478334401e+00 1.041534979e+00 -6.653409217e-01 6.573779945e-02 -4.749345052e-01 1.298722419e-01 -1.057210118e-01 -3.612834532e-01 -5.721469723e-02
      2 2.317481036e-02 1.049589535e-01 1.111252900e-01 6.564508529e+00 6.564661136e+00 2.528997419e-01 -2.448941007e-01 6.165279316e-02 -2.622542330e-01 1.217783298e-01 -2.347142484e-01 -2.319218824e-01 -2.765437995e-01
  78    2.317618855e-02 1.049589535e-01 1.111252900e-01 6.564508529e+00 6.564661136e+00 2.528997419e-01 -2.448941007e-01 6.165279316e-02 -2.622542330e-01 1.217783298e-01 -2.347142484e-01 -2.319218824e-01 -2.765437995e-01       105         32      18302   3
      0 2.317476166e-02 1.049589535e-01 1.111252900e-01 6.564508529e+00 6.564508529e+00 2.528997419e-01 -2.448941007e-01 6.165279316e-02 -2.622542330e-01 1.217783298e-01 -2.347142484e-01 -2.319218824e-01 -2.765437995e-01
      1 1.880374247e-01 1.374427601e-01 1.380540043e-01 5.696262080e+00 6.262823729e+00 5.742353175e-01 -3.684474173e-01 7.646491566e-02 -3.586719009e-01 1.517888423e-01 -1.531487616e-01 -3.143809609e-01 -1.718383426e-01
      2 2.317403565e-02 1.050249690e-01 1.111800161e-01 6.562744028e+00 6.563895427e+00 2.535527789e-01 -2.451451930e-01 6.168289522e-02 -2.624501787e-01 1.218393190e-01 -2.345484863e-01 -2.320894606e-01 -2.763310109e-01
  79    2.317476166e-02 1.050249690e-01 1.111800161e-01 6.562744028e+00 6.563895427e+00 2.535527789e-01 -2.451451930e-01 6.168289522e-02 -2.624501787e-01 1.218393190e-01 -2.345484863e-01 -2.320894606e-01 -2.763310109e-01       106         32      18302   3
      0 2.317379584e-02 1.050249690e-01 1.111800161e-01 6.562744028e+00 6.562744028e+00 2.535527789e-01 -2.451451930e-01 6.168289522e-02 -2.624501787e-01 1.218393190e-01 -2.345484863e-01 -2.320894606e-01 -2.763310109e-01
      1 7.747476636e-01 8.332866509e-02 7.537117368e-02 6.198758129e+00 6.436124875e+00 -5.255355023e-01 1.314092742e-01 6.791470964e-02 -5.728840160e-02 1.348457840e-01 -3.234875582e-01 -1.441432027e-01 -4.837267074e-01
      2 2.317307856e-02 1.050078133e-01 1.111517015e-01 6.562456218e+00 6.562643908e+00 2.529367405e-01 -2.448474450e-01 6.168782282e-02 -2.622879537e-01 1.218496034e-01 -2.346188119e-01 -2.320199200e-01 -2.764950022e-01
  80    2.317379584e-02 1.050078133e-01 1.111517015e-01 6.562456218e+00 6.562643908e+00 2.529367405e-01 -2.448474450e-01 6.168782282e-02 -2.622879537e-01 1.218496034e-01 -2.346188119e-01 -2.320199200e-01 -2.764950022e-01       105         32      18302   3
      0 2.317303934e-02 1.050078133e-01 1.111517015e-01 6.562456218e+00 6.562456218e+00 2.529367405e-01 -2.448474450e-01 6.168782282e-02 -2.622879537e-01 1.218496034e-01 -2.346188119e-01 -2.320199200e-01 -2.764950022e-01
      1 7.726135500e-02 1.294263309e-01 1.269606879e-01 5.643490627e+00 6.243235183e+00 4.196792793e-01 -3.499632927e-01 7.693436664e-02 -3.113622432e-01 1.529573470e-01 -1.767993486e-01 -2.934570781e-01 -2.201432366e-01
      2 2.317112207e-02 1.051466152e-01 1.112415643e-01 6.557232553e+00 6.560641673e+00 2.538845531e-01 -2.454449537e-01 6.177448857e-02 -2.625669061e-01 1.220264288e-01 -2.342901494e-01 -2.323691465e-01 -2.761746826e-01
  81    2.317303934e-02 1.051466152e-01 1.112415643e-01 6.557232553e+00 6.560641673e+00 2.538845531e-01 -2.454449537e-01 6.177448857e-02 -2.625669061e-01 1.220264288e-01 -2.342901494e-01 -2.323691465e-01 -2.761746826e-01       105         32      18302   3
      0 2.317044791e-02 1.051466152e-01 1.112415643e-01 6.557232553e+00 6.557232553e+00 2.538845531e-01 -2.454449537e-01 6.177448857e-02 -2.625669061e-01 1.220264288e-01 -2.342901494e-01 -2.323691465e-01 -2.761746826e-01
      1 8.471124977e-01 6.485442681e-02 7.455085886e-02 6.346513129e+00 6.483834472e+00 -4.901530892e-01 2.763604672e-01 6.531151340e-02 -6.535001853e-02 1.292784352e-01 -3.805147095e-01 -8.773426569e-02 -4.764419882e-01
      2 2.316861001e-02 1.051046707e-01 1.112033690e-01 6.557013192e+00 6.557156145e+00 2.531100031e-01 -2.449017495e-01 6.177817064e-02 -2.623616015e-01 1.220339782e-01 -2.344423705e-01 -2.322185802e-01 -2.763831627e-01
  82    2.317044791e-02 1.051046707e-01 1.112033690e-01 6.557013192e+00 6.557156145e+00 2.531100031e-01 -2.449017495e-01 6.177817064e-02 -2.623616015e-01 1.220339782e-01 -2.344423705e-01 -2.322185802e-01 -2.763831627e-01       105         32      18302   3
      0 2.316855653e-02 1.051046707e-01 1.112033690e-01 6.557013192e+00 6.557013192e+00 2.531100031e-01 -2.449017495e-01 6.177817064e-02 -2.623616015e-01 1.220339782e-01 -2.344423705e-01 -2.322185802e-01 -2.763831627e-01
      1 3.469879360e-01 8.240473166e-02 9.025047175e-02 5.786063116e+00 6.289230066e+00 -1.813481823e-01 7.105325140e-02 7.391343007e-02 -1.441996726e-01 1.468222631e-01 -3.277223724e-01 -1.452795240e-01 -3.921798216e-01
      2 2.316814229e-02 1.050816460e-01 1.111821163e-01 6.556231211e+00 6.556741577e+00 2.526693287e-01 -2.445812738e-01 6.179047953e-02 -2.622417490e-01 1.220591211e-01 -2.345369852e-01 -2.321303973e-01 -2.765006162e-01
  83    2.316855653e-02 1.050816460e-01 1.111821163e-01 6.556231211e+00 6.556741577e+00 2.526693287e-01 -2.445812738e-01 6.179047953e-02 -2.622417490e-01 1.220591211e-01 -2.345369852e-01 -2.321303973e-01 -2.765006162e-01       105         32      18302   3
      0 2.316804145e-02 1.050816460e-01 1.111821163e-01 6.556231211e+00 6.556231211e+00 2.526693287e-01 -2.445812738e-01 6.179047953e-02 -2.622417490e-01 1.220591211e-01 -2.345369852e-01 -2.321303973e-01 -2.765006162e-01
      1 6.951833533e-01 1.409966697e-01 1.417663481e-01 6.004828470e+00 6.364953744e+00 8.691006262e-01 -6.849246664e-01 7.006626772e-02 -4.221475514e-01 1.389381704e-01 -1.156588387e-01 -3.555810789e-01 -1.092957286e-01
      2 2.316764516e-02 1.051032149e-01 1.112004837e-01 6.555900064e+00 6.556116339e+00 2.530395286e-01 -2.448457235e-01 6.179544959e-02 -2.623377809e-01 1.220692579e-01 -2.344655925e-01 -2.322045360e-01 -2.764002007e-01
  84    2.316804145e-02 1.051032149e-01 1.112004837e-01 6.555900064e+00 6.556116339e+00 2.530395286e-01 -2.448457235e-01 6.179544959e-02 -2.623377809e-01 1.220692579e-01 -2.344655925e-01 -2.322045360e-01 -2.764002007e-01       105         32      18302   3
      0 2.316759793e-02 1.051032149e-01 1.112004837e-01 6.555900064e+00 6.555900064e+00 2.530395286e-01 -2.448457235e-01 6.179544959e-02 -2.623377809e-01 1.220692579e-01 -2.344655925e-01 -2.322045360e-01 -2.764002007e-01
      1 1.384854927e-01 9.365569947e-02 9.866783963e-02 5.667387376e+00 6.247386809e+00 -6.508902704e-03 -6.702666529e-02 7.551996109e-02 -1.898096557e-01 1.500705067e-01 -2.888976983e-01 -1.848766261e-01 -3.446358861e-01
      2 2.316668710e-02 1.050734887e-01 1.111679398e-01 6.553592836e+00 6.555098939e+00 2.523655513e-01 -2.443839753e-01 6.183108844e-02 -2.621494449e-01 1.221419696e-01 -2.346069380e-01 -2.320816381e-01 -2.765773904e-01
  85    2.316759793e-02 1.050734887e-01 1.111679398e-01 6.553592836e+00 6.555098939e+00 2.523655513e-01 -2.443839753e-01 6.183108844e-02 -2.621494449e-01 1.221419696e-01 -2.346069380e-01 -2.320816381e-01 -2.765773904e-01       105         32      18302   3
      0 2.316639036e-02 1.050734887e-01 1.111679398e-01 6.553592836e+00 6.553592836e+00 2.523655513e-01 -2.443839753e-01 6.183108844e-02 -2.621494449e-01 1.221419696e-01 -2.346069380e-01 -2.320816381e-01 -2.765773904e-01
      1 8.944165339e-01 1.443574758e-01 1.469264221e-01 6.233579526e+00 6.442671194e+00 9.783677693e-01 -7.373519260e-01 6.637903197e-02 -4.524625497e-01 1.313324121e-01 -9.936873159e-02 -3.698617177e-01 -7.967030559e-02
      2 2.316553211e-02 1.051018216e-01 1.111937300e-01 6.553362032e+00 6.553512836e+00 2.528891678e-01 -2.447395200e-01 6.183436857e-02 -2.622867050e-01 1.221485980e-01 -2.345093998e-01 -2.321810096e-01 -2.764353745e-01
  86    2.316639036e-02 1.051018216e-01 1.111937300e-01 6.553362032e+00 6.553512836e+00 2.528891678e-01 -2.447395200e-01 6.183436857e-02 -2.622867050e-01 1.221485980e-01 -2.345093998e-01 -2.321810096e-01 -2.764353745e-01       106         32      18302   3
      0 2.316549031e-02 1.051018216e-01 1.111937300e-01 6.553362032e+00 6.553362032e+00 2.528891678e-01 -2.447395200e-01 6.183436857e-02 -2.622867050e-01 1.221485980e-01 -2.345093998e-01 -2.321810096e-01 -2.764353745e-01
      1 1.394169798e-01 1.212286713e-01 1.234254543e-01 5.661477943e+00 6.243879492e+00 5.046040083e-01 -4.192836266e-01 7.505792785e-02 -3.250538652e-01 1.489864852e-01 -1.893788416e-01 -2.840722761e-01 -2.059846194e-01
      2 2.316453946e-02 1.051456593e-01 1.112269795e-01 6.550937621e+00 6.552520765e+00 2.535734051e-01 -2.452139838e-01 6.187031421e-02 -2.624573251e-01 1.222215516e-01 -2.343867213e-01 -2.323220658e-01 -2.762438680e-01
  87    2.316549031e-02 1.051456593e-01 1.112269795e-01 6.550937621e+00 6.552520765e+00 2.535734051e-01 -2.452139838e-01 6.187031421e-02 -2.624573251e-01 1.222215516e-01 -2.343867213e-01 -2.323220658e-01 -2.762438680e-01       105         32      18302   3
      0 2.316422757e-02 1.051456593e-01 1.112269795e-01 6.550937621e+00 6.550937621e+00 2.535734051e-01 -2.452139838e-01 6.187031421e-02 -2.624573251e-01 1.222215516e-01 -2.343867213e-01 -2.323220658e-01 -2.762438680e-01
      1 8.038127954e-01 6.670185435e-02 7.518482868e-02 6.240439257e+00 6.442985339e+00 -4.701629851e-01 2.568661792e-01 6.662175080e-02 -7.035737313e-02 1.318631799e-01 -3.742744069e-01 -9.449378617e-02 -4.704039236e-01
      2 2.316332438e-02 1.051168032e-01 1.111999262e-01 6.550704560e+00 6.550856592e+00 2.530301655e-01 -2.448371203e-01 6.187388066e-02 -2.623131341e-01 1.222287886e-01 -2.344917216e-01 -2.322186114e-01 -2.763896054e-01
  88    2.316422757e-02 1.051168032e-01 1.111999262e-01 6.550704560e+00 6.550856592e+00 2.530301655e-01 -2.448371203e-01 6.187388066e-02 -2.623131341e-01 1.222287886e-01 -2.344917216e-01 -2.322186114e-01 -2.763896054e-01       105         32      18302   3
      0 2.316328283e-02 1.051168032e-01 1.111999262e-01 6.550704560e+00 6.550704560e+00 2.530301655e-01 -2.448371203e-01 6.187388066e-02 -2.623131341e-01 1.222287886e-01 -2.344917216e-01 -2.322186114e-01 -2.763896054e-01
      1 1.171295966e-01 9.435050085e-02 9.925442429e-02 5.651652281e+00 6.238688030e+00 2.280667825e-02 -7.630738846e-02 7.497273942e-02 -1.981839206e-01 1.487009443e-01 -2.835169895e-01 -1.895621827e-01 -3.353725970e-01
      2 2.316219185e-02 1.050828636e-01 1.111622692e-01 6.547870390e+00 6.549720960e+00 2.523044097e-01 -2.443058477e-01 6.191517346e-02 -2.621109734e-01 1.223122393e-01 -2.346462686e-01 -2.320841414e-01 -2.765755432e-01
  89    2.316328283e-02 1.050828636e-01 1.111622692e-01 6.547870390e+00 6.549720960e+00 2.523044097e-01 -2.443058477e-01 6.191517346e-02 -2.621109734e-01 1.223122393e-01 -2.346462686e-01 -2.320841414e-01 -2.765755432e-01       105         32      18302   3
      0 2.316183037e-02 1.050828636e-01 1.111622692e-01 6.547870390e+00 6.547870390e+00 2.523044097e-01 -2.443058477e-01 6.191517346e-02 -2.621109734e-01 1.223122393e-01 -2.346462686e-01 -2.320841414e-01 -2.765755432e-01
      1 9.175171494e-01 1.462653036e-01 1.464405800e-01 6.259214389e+00 6.447894353e+00 9.741687794e-01 -7.610502877e-01 6.570098550e-02 -4.512112348e-01 1.299143804e-01 -9.158600119e-02 -3.771895842e-01 -8.093274613e-02
      2 2.316081031e-02 1.051141239e-01 1.111890479e-01 6.547651280e+00 6.547794502e+00 2.528523554e-01 -2.446980929e-01 6.191804715e-02 -2.622545137e-01 1.223180099e-01 -2.345376759e-01 -2.321942866e-01 -2.764270366e-01
  90    2.316183037e-02 1.051141239e-01 1.111890479e-01 6.547651280e+00 6.547794502e+00 2.528523554e-01 -2.446980929e-01 6.191804715e-02 -2.622545137e-01 1.223180099e-01 -2.345376759e-01 -2.321942866e-01 -2.764270366e-01       105         32      18302   3
      0 2.316076630e-02 1.051141239e-01 1.111890479e-01 6.547651280e+00 6.547651280e+00 2.528523554e-01 -2.446980929e-01 6.191804715e-02 -2.622545137e-01 1.223180099e-01 -2.345376759e-01 -2.321942866e-01 -2.764270366e-01
      1 2.604202791e-01 1.278378134e-01 1.276165793e-01 5.713931168e+00 6.258543584e+00 6.034594062e-01 -5.063386543e-01 7.343102244e-02 -3.512746510e-01 1.454707408e-01 -1.630306687e-01 -3.093749451e-01 -1.789749560e-01
      2 2.316023233e-02 1.051467682e-01 1.112126473e-01 6.546453579e+00 6.547235956e+00 2.533560284e-01 -2.450739590e-01 6.193458640e-02 -2.623823978e-01 1.223512705e-01 -2.344349507e-01 -2.323051623e-01 -2.762870394e-01
  91    2.316076630e-02 1.051467682e-01 1.112126473e-01 6.546453579e+00 6.547235956e+00 2.533560284e-01 -2.450739590e-01 6.193458640e-02 -2.623823978e-01 1.223512705e-01 -2.344349507e-01 -2.323051623e-01 -2.762870394e-01       106         32      18302   3
      0 2.316007872e-02 1.051467682e-01 1.112126473e-01 6.546453579e+00 6.546453579e+00 2.533560284e-01 -2.450739590e-01 6.193458640e-02 -2.623823978e-01 1.223512705e-01 -2.344349507e-01 -2.323051623e-01 -2.762870394e-01
      1 7.245799675e-01 6.774348517e-02 7.793123952e-02 6.105756774e+00 6.393405180e+00 -4.102649389e-01 2.448826125e-01 6.824691468e-02 -8.595510679e-02 1.350015820e-01 -3.714128376e-01 -9.813589931e-02 -4.532469988e-01
      2 2.315956472e-02 1.051240316e-01 1.111924163e-01 6.546185690e+00 6.546360545e+00 2.529526286e-01 -2.447761258e-01 6.193842351e-02 -2.622751517e-01 1.223589603e-01 -2.345182164e-01 -2.322236039e-01 -2.763946093e-01
  92    2.316007872e-02 1.051240316e-01 1.111924163e-01 6.546185690e+00 6.546360545e+00 2.529526286e-01 -2.447761258e-01 6.193842351e-02 -2.622751517e-01 1.223589603e-01 -2.345182164e-01 -2.322236039e-01 -2.763946093e-01       106         32      18302   3
      0 2.315952405e-02 1.051240316e-01 1.111924163e-01 6.546185690e+00 6.546185690e+00 2.529526286e-01 -2.447761258e-01 6.193842351e-02 -2.622751517e-01 1.223589603e-01 -2.345182164e-01 -2.322236039e-01 -2.763946093e-01
      1 2.411668523e-02 1.081930830e-01 1.118207163e-01 5.602489966e+00 6.218884558e+00 2.864849357e-01 -2.543266308e-01 7.488860595e-02 -2.675570398e-01 1.482974169e-01 -2.334753309e-01 -2.395151933e-01 -2.635788557e-01
      2 2.309637965e-02 1.057211203e-01 1.113146530e-01 6.362588242e+00 6.482508754e+00 2.594763904e-01 -2.466341912e-01 6.445790134e-02 -2.633027511e-01 1.274053268e-01 -2.343153215e-01 -2.336421938e-01 -2.739012848e-01
  93    2.315952405e-02 1.057211203e-01 1.113146530e-01 6.362588242e+00 6.482508754e+00 2.594763904e-01 -2.466341912e-01 6.445790134e-02 -2.633027511e-01 1.274053268e-01 -2.343153215e-01 -2.336421938e-01 -2.739012848e-01       105         32      18302   3
      0 2.307121631e-02 1.057211203e-01 1.113146530e-01 6.362588242e+00 6.362588242e+00 2.594763904e-01 -2.466341912e-01 6.445790134e-02 -2.633027511e-01 1.274053268e-01 -2.343153215e-01 -2.336421938e-01 -2.739012848e-01
      1 8.264193272e-01 8.029201222e-02 6.434266397e-02 6.326915040e+00 6.349867946e+00 -6.137635810e-01 8.114783954e-02 6.393922084e-02 -2.966775091e-02 1.265145040e-01 -3.190253398e-01 -1.478515064e-01 -5.118115558e-01
      2 2.301017550e-02 1.055632920e-01 1.110231168e-01 6.362366832e+00 6.362509292e+00 2.540565424e-01 -2.445997805e-01 6.445468210e-02 -2.618526730e-01 1.273997978e-01 -2.348410823e-01 -2.331097257e-01 -2.753778978e-01
  94    2.307121631e-02 1.055632920e-01 1.110231168e-01 6.362366832e+00 6.362509292e+00 2.540565424e-01 -2.445997805e-01 6.445468210e-02 -2.618526730e-01 1.273997978e-01 -2.348410823e-01 -2.331097257e-01 -2.753778978e-01       106         32      18302   3
      0 2.300986686e-02 1.055632920e-01 1.110231168e-01 6.362366832e+00 6.362366832e+00 2.540565424e-01 -2.445997805e-01 6.445468210e-02 -2.618526730e-01 1.273997978e-01 -2.348410823e-01 -2.331097257e-01 -2.753778978e-01
      1 7.792708790e-01 9.015093540e-02 6.180588098e-02 6.149983311e+00 6.289910128e+00 -6.306498785e-01 -3.310019576e-02 6.087195318e-02 -2.212251342e-02 1.191279304e-01 -2.816982893e-01 -1.828513824e-01 -5.146947487e-01
      2 2.300800847e-02 1.055466411e-01 1.109699445e-01 6.362137382e+00 6.362288553e+00 2.531007406e-01 -2.443712847e-01 6.445081146e-02 -2.615936780e-01 1.273908612e-01 -2.348917050e-01 -2.330554285e-01 -2.756364463e-01
  95    2.300986686e-02 1.055466411e-01 1.109699445e-01 6.362137382e+00 6.362288553e+00 2.531007406e-01 -2.443712847e-01 6.445081146e-02 -2.615936780e-01 1.273908612e-01 -2.348917050e-01 -2.330554285e-01 -2.756364463e-01       105         32      18302   3
      0 2.300797431e-02 1.055466411e-01 1.109699445e-01 6.362137382e+00 6.362137382e+00 2.531007406e-01 -2.443712847e-01 6.445081146e-02 -2.615936780e-01 1.273908612e-01 -2.348917050e-01 -2.330554285e-01 -2.756364463e-01
      1 3.534543456e-01 1.035839332e-01 7.440551620e-02 5.582508872e+00 6.096608944e+00 -2.745869166e-01 -2.197290336e-01 5.118616547e-02 -1.112684801e-01 9.508493385e-02 -2.205549191e-01 -2.367793716e-01 -4.069186687e-01
      2 2.300754779e-02 1.055447736e-01 1.109351525e-01 6.361395546e+00 6.361884725e+00 2.525986329e-01 -2.443478370e-01 6.443818983e-02 -2.614506399e-01 1.273601213e-01 -2.348780632e-01 -2.330589719e-01 -2.757613645e-01
  96    2.300797431e-02 1.055447736e-01 1.109351525e-01 6.361395546e+00 6.361884725e+00 2.525986329e-01 -2.443478370e-01 6.443818983e-02 -2.614506399e-01 1.273601213e-01 -2.348780632e-01 -2.330589719e-01 -2.757613645e-01       105         32      18302   3
      0 2.300744603e-02 1.055447736e-01 1.109351525e-01 6.361395546e+00 6.361395546e+00 2.525986329e-01 -2.443478370e-01 6.443818983e-02 -2.614506399e-01 1.273601213e-01 -2.348780632e-01 -2.330589719e-01 -2.757613645e-01
      1 5.456731882e-01 1.081945744e-01 1.419252248e-01 5.741394524e+00 6.150188021e+00 9.503087067e-01 -3.237556764e-01 5.396031645e-02 -4.437769381e-01 1.007869926e-01 -2.099833425e-01 -2.506956138e-01 -7.099769339e-02
      2 2.300708522e-02 1.055463341e-01 1.109534027e-01 6.361030425e+00 6.361271165e+00 2.530095177e-01 -2.443946006e-01 6.443201936e-02 -2.615580128e-01 1.273444723e-01 -2.348634026e-01 -2.330693583e-01 -2.756407782e-01
  97    2.300744603e-02 1.055463341e-01 1.109534027e-01 6.361030425e+00 6.361271165e+00 2.530095177e-01 -2.443946006e-01 6.443201936e-02 -2.615580128e-01 1.273444723e-01 -2.348634026e-01 -2.330693583e-01 -2.756407782e-01       105         32      18302   3
      0 2.300703538e-02 1.055463341e-01 1.109534027e-01 6.361030425e+00 6.361030425e+00 2.530095177e-01 -2.443946006e-01 6.443201936e-02 -2.615580128e-01 1.273444723e-01 -2.348634026e-01 -2.330693583e-01 -2.756407782e-01
      1 1.529230119e-01 9.580855371e-02 8.562404511e-02 5.478446618e+00 6.060411813e+00 -6.732583072e-02 -1.399213303e-01 4.946056187e-02 -1.667524676e-01 9.043472113e-02 -2.470792494e-01 -2.096861364e-01 -3.473199670e-01
      2 2.300620341e-02 1.055231527e-01 1.108931048e-01 6.358929385e+00 6.360314785e+00 2.522469419e-01 -2.441458963e-01 6.439637898e-02 -2.613323230e-01 1.272566066e-01 -2.348924831e-01 -2.330136932e-01 -2.758114144e-01
  98    2.300703538e-02 1.055231527e-01 1.108931048e-01 6.358929385e+00 6.360314785e+00 2.522469419e-01 -2.441458963e-01 6.439637898e-02 -2.613323230e-01 1.272566066e-01 -2.348924831e-01 -2.330136932e-01 -2.758114144e-01       108         32      18302   3
      0 2.300592144e-02 1.055231527e-01 1.108931048e-01 6.358929385e+00 6.358929385e+00 2.522469419e-01 -2.441458963e-01 6.439637898e-02 -2.613323230e-01 1.272566066e-01 -2.348924831e-01 -2.330136932e-01 -2.758114144e-01
      1 7.812398011e-01 1.265574193e-01 1.513616112e-01 6.017527103e+00 6.242687572e+00 1.073540014e+00 -5.298064319e-01 5.849306092e-02 -4.771036116e-01 1.122453994e-01 -1.566247194e-01 -3.078103847e-01 -4.518160778e-02
      2 2.300513277e-02 1.055386081e-01 1.109228400e-01 6.358678532e+00 6.358843974e+00 2.528504055e-01 -2.443557918e-01 6.439204139e-02 -2.614908658e-01 1.272455768e-01 -2.348349741e-01 -2.330686518e-01 -2.756419540e-01
  99    2.300592144e-02 1.055386081e-01 1.109228400e-01 6.358678532e+00 6.358843974e+00 2.528504055e-01 -2.443557918e-01 6.439204139e-02 -2.614908658e-01 1.272455768e-01 -2.348349741e-01 -2.330686518e-01 -2.756419540e-01       105         32      18302   3